0 0.009340
21 0.000561
43 0.002453
64 0.003876
86 0.002048
107 0.009908
129 0.024150
150 0.062663
172 0.011424
193 0.014315
215 0.033811
236 0.015006
258 0.013200
279 0.044703
301 0.085466
322 0.027232
344 0.021097
366 0.011990
387 0.007041
409 0.009158
430 0.021052
452 0.026568
473 0.008846
495 0.008380
516 0.006792
538 0.011094
559 0.016989
581 0.016271
602 0.015135
624 0.009053
645 0.013708
667 0.010118
689 0.001537
710 0.002653
732 0.017016
753 0.003928
775 0.010202
796 0.003523
818 0.003305
839 0.004810
861 0.004519
882 0.013190
904 0.001262
925 0.001186
947 0.001522
968 0.002056
990 0.003391
1012 0.002677
1033 0.002046
1055 0.002155
1076 0.001551
1098 0.001125
1119 0.001408
1141 0.000436
1162 0.000921
1184 0.001455
1205 0.002250
1227 0.000702
1248 0.001470
1270 0.001208
1291 0.000223
1313 0.001411
1335 0.000545
1356 0.001194
1378 0.000652
1399 0.001276
1421 0.001248
1442 0.001417
1464 0.001662
1485 0.001195
1507 0.001358
1528 0.000514
1550 0.000571
1571 0.000575
1593 0.000661
1614 0.000927
1636 0.000469
1658 0.000605
1679 0.001354
1701 0.000162
1722 0.000788
1744 0.000865
1765 0.000160
1787 0.001240
1808 0.000032
1830 0.001092
1851 0.000127
1873 0.000281
1894 0.000756
1916 0.000547
1937 0.000385
1959 0.000049
1981 0.000609
2002 0.001360
2024 0.000491
2045 0.000705
2067 0.000473
2088 0.000210
2110 0.000775
2131 0.000842
2153 0.000298
2174 0.000627
2196 0.000543
2217 0.000427
2239 0.000638
2260 0.000271
2282 0.000549
2304 0.000505
2325 0.000408
2347 0.000432
2368 0.000347
2390 0.000274
2411 0.000478
2433 0.000393
2454 0.000822
2476 0.000379
2497 0.000672
2519 0.000300
2540 0.000324
2562 0.000438
2583 0.000504
2605 0.000459
2627 0.000435
2648 0.000200
2670 0.000344
2691 0.000448
2713 0.000203
2734 0.000407
2756 0.000353
2777 0.000339
2799 0.000527
2820 0.000141
2842 0.000282
2863 0.000312
2885 0.000423
2906 0.000409
2928 0.000322
2950 0.000270
2971 0.000186
2993 0.000324
3014 0.000311
3036 0.000420
3057 0.000130
3079 0.000410
3100 0.000152
3122 0.000341
3143 0.000353
3165 0.000212
3186 0.000396
3208 0.000218
3229 0.000289
3251 0.000255
3273 0.000284
3294 0.000287
3316 0.000393
3337 0.000329
3359 0.000225
3380 0.000355
3402 0.000322
3423 0.000285
3445 0.000201
3466 0.000187
3488 0.000278
3509 0.000195
3531 0.000191
3552 0.000199
3574 0.000279
3596 0.000274
3617 0.000220
3639 0.000308
3660 0.000330
3682 0.000252
3703 0.000412
3725 0.000187
3746 0.000289
3768 0.000207
3789 0.000267
3811 0.000305
3832 0.000199
3854 0.000276
3875 0.000252
3897 0.000374
3919 0.000225
3940 0.000207
3962 0.000239
3983 0.000258
4005 0.000281
4026 0.000183
4048 0.000237
4069 0.000200
4091 0.000250
4112 0.000175
4134 0.000242
4155 0.000199
4177 0.000286
4198 0.000209
4220 0.000219
4242 0.000252
4263 0.000228
4285 0.000299
4306 0.000269
4328 0.000232
4349 0.000244
4371 0.000184
4392 0.000210
4414 0.000194
4435 0.000169
4457 0.000228
4478 0.000232
4500 0.000250
4521 0.000218
4543 0.000172
4565 0.000220
4586 0.000142
4608 0.000220
4629 0.000183
4651 0.000205
4672 0.000193
4694 0.000186
4715 0.000173
4737 0.000206
4758 0.000247
4780 0.000265
4801 0.000243
4823 0.000241
4844 0.000216
4866 0.000149
4888 0.000224
4909 0.000261
4931 0.000204
4952 0.000201
4974 0.000192
4995 0.000162
5017 0.000173
5038 0.000188
5060 0.000182
5081 0.000142
5103 0.000186
5124 0.000195
5146 0.000153
5167 0.000183
5189 0.000148
5211 0.000192
5232 0.000200
5254 0.000220
5275 0.000215
5297 0.000155
5318 0.000155
5340 0.000175
5361 0.000170
5383 0.000226
5404 0.000165
5426 0.000166
5447 0.000136
5469 0.000179
5490 0.000163
5512 0.000139
5534 0.000199
5555 0.000186
5577 0.000149
5598 0.000208
5620 0.000162
5641 0.000172
5663 0.000171
5684 0.000168
5706 0.000188
5727 0.000207
5749 0.000191
5770 0.000152
5792 0.000164
5813 0.000161
5835 0.000147
5857 0.000143
5878 0.000186
5900 0.000176
5921 0.000198
5943 0.000140
5964 0.000169
5986 0.000168
6007 0.000171
6029 0.000150
6050 0.000140
6072 0.000165
6093 0.000142
6115 0.000194
6136 0.000143
6158 0.000170
6180 0.000171
6201 0.000148
6223 0.000161
6244 0.000177
6266 0.000169
6287 0.000105
6309 0.000145
6330 0.000158
6352 0.000178
6373 0.000166
6395 0.000144
6416 0.000134
6438 0.000145
6459 0.000154
6481 0.000162
6503 0.000123
6524 0.000158
6546 0.000155
6567 0.000129
6589 0.000156
6610 0.000134
6632 0.000156
6653 0.000174
6675 0.000150
6696 0.000160
6718 0.000149
6739 0.000172
6761 0.000150
6782 0.000158
6804 0.000147
6826 0.000119
6847 0.000167
6869 0.000130
6890 0.000164
6912 0.000149
6933 0.000172
6955 0.000133
6976 0.000118
6998 0.000170
7019 0.000138
7041 0.000140
7062 0.000154
7084 0.000124
7105 0.000136
7127 0.000133
7149 0.000132
7170 0.000135
7192 0.000153
7213 0.000150
7235 0.000119
7256 0.000125
7278 0.000134
7299 0.000143
7321 0.000152
7342 0.000152
7364 0.000132
7385 0.000133
7407 0.000142
7428 0.000148
7450 0.000149
7472 0.000137
7493 0.000142
7515 0.000135
7536 0.000145
7558 0.000133
7579 0.000148
7601 0.000132
7622 0.000127
7644 0.000125
7665 0.000152
7687 0.000122
7708 0.000127
7730 0.000134
7751 0.000136
7773 0.000130
7795 0.000127
7816 0.000141
7838 0.000153
7859 0.000128
7881 0.000144
7902 0.000119
7924 0.000121
7945 0.000134
7967 0.000125
7988 0.000139
8010 0.000121
8031 0.000122
8053 0.000115
8074 0.000113
8096 0.000152
8118 0.000120
8139 0.000127
8161 0.000129
8182 0.000114
8204 0.000136
8225 0.000123
8247 0.000126
8268 0.000127
8290 0.000136
8311 0.000129
8333 0.000122
8354 0.000119
8376 0.000149
8397 0.000099
8419 0.000112
8441 0.000104
8462 0.000123
8484 0.000121
8505 0.000122
8527 0.000123
8548 0.000125
8570 0.000124
8591 0.000118
8613 0.000124
8634 0.000126
8656 0.000122
8677 0.000120
8699 0.000111
8720 0.000125
8742 0.000111
8764 0.000118
8785 0.000112
8807 0.000119
8828 0.000117
8850 0.000107
8871 0.000108
8893 0.000116
8914 0.000115
8936 0.000119
8957 0.000107
8979 0.000122
9000 0.000114
9022 0.000120
9043 0.000116
9065 0.000110
9087 0.000127
9108 0.000096
9130 0.000120
9151 0.000113
9173 0.000123
9194 0.000119
9216 0.000110
9237 0.000120
9259 0.000132
9280 0.000113
9302 0.000120
9323 0.000118
9345 0.000104
9366 0.000129
9388 0.000111
9410 0.000108
9431 0.000110
9453 0.000125
9474 0.000108
9496 0.000107
9517 0.000110
9539 0.000105
9560 0.000107
9582 0.000114
9603 0.000119
9625 0.000107
9646 0.000102
9668 0.000111
9689 0.000115
9711 0.000108
9733 0.000114
9754 0.000113
9776 0.000104
9797 0.000109
9819 0.000120
9840 0.000099
9862 0.000108
9883 0.000109
9905 0.000099
9926 0.000102
9948 0.000103
9969 0.000109
9991 0.000110
10012 0.000103
10034 0.000109
10056 0.000100
10077 0.000110
10099 0.000113
10120 0.000106
10142 0.000101
10163 0.000100
10185 0.000106
10206 0.000103
10228 0.000105
10249 0.000111
10271 0.000099
10292 0.000107
10314 0.000103
10335 0.000107
10357 0.000097
10379 0.000111
10400 0.000106
10422 0.000103
10443 0.000102
10465 0.000103
10486 0.000105
10508 0.000095
10529 0.000099
10551 0.000101
10572 0.000103
10594 0.000098
10615 0.000103
10637 0.000103
10658 0.000103
10680 0.000108
10702 0.000098
10723 0.000111
10745 0.000103
10766 0.000103
10788 0.000099
10809 0.000094
10831 0.000099
10852 0.000103
10874 0.000101
10895 0.000105
10917 0.000093
10938 0.000097
10960 0.000106
10981 0.000102
11003 0.000097
11025 0.000102
11046 0.000101
11068 0.000099
11089 0.000102
11111 0.000099
11132 0.000093
11154 0.000099
11175 0.000101
11197 0.000104
11218 0.000100
11240 0.000095
11261 0.000101
11283 0.000099
11304 0.000098
11326 0.000095
11347 0.000097
11369 0.000097
11391 0.000094
11412 0.000095
11434 0.000094
11455 0.000096
11477 0.000102
11498 0.000099
11520 0.000092
11541 0.000098
11563 0.000098
11584 0.000098
11606 0.000091
11627 0.000095
11649 0.000097
11670 0.000100
11692 0.000094
11714 0.000098
11735 0.000098
11757 0.000098
11778 0.000094
11800 0.000086
11821 0.000093
11843 0.000093
11864 0.000094
11886 0.000095
11907 0.000093
11929 0.000095
11950 0.000094
11972 0.000092
11993 0.000091
12015 0.000090
12037 0.000091
12058 0.000096
12080 0.000090
12101 0.000094
12123 0.000091
12144 0.000092
12166 0.000094
12187 0.000096
12209 0.000094
12230 0.000091
12252 0.000094
12273 0.000093
12295 0.000096
12316 0.000089
12338 0.000090
12360 0.000090
12381 0.000089
12403 0.000092
12424 0.000089
12446 0.000090
12467 0.000091
12489 0.000092
12510 0.000087
12532 0.000090
12553 0.000089
12575 0.000091
12596 0.000088
12618 0.000089
12639 0.000090
12661 0.000081
12683 0.000087
12704 0.000089
12726 0.000091
12747 0.000088
12769 0.000090
12790 0.000091
12812 0.000089
12833 0.000090
12855 0.000088
12876 0.000087
12898 0.000089
12919 0.000090
12941 0.000087
12962 0.000089
12984 0.000089
13006 0.000086
13027 0.000089
13049 0.000089
13070 0.000088
13092 0.000087
13113 0.000087
13135 0.000088
13156 0.000087
13178 0.000085
13199 0.000088
13221 0.000085
13242 0.000089
13264 0.000086
13285 0.000085
13307 0.000089
13329 0.000087
13350 0.000088
13372 0.000088
13393 0.000087
13415 0.000085
13436 0.000084
13458 0.000086
13479 0.000085
13501 0.000085
13522 0.000088
13544 0.000084
13565 0.000084
13587 0.000083
13608 0.000086
13630 0.000086
13652 0.000084
13673 0.000084
13695 0.000084
13716 0.000083
13738 0.000083
13759 0.000085
13781 0.000085
13802 0.000085
13824 0.000085
13845 0.000085
13867 0.000086
13888 0.000084
13910 0.000081
13931 0.000086
13953 0.000085
13975 0.000085
13996 0.000084
14018 0.000083
14039 0.000082
14061 0.000084
14082 0.000084
14104 0.000082
14125 0.000083
14147 0.000083
14168 0.000084
14190 0.000083
14211 0.000082
14233 0.000085
14254 0.000081
14276 0.000084
14298 0.000082
14319 0.000083
14341 0.000081
14362 0.000080
14384 0.000081
14405 0.000083
14427 0.000082
14448 0.000080
14470 0.000080
14491 0.000081
14513 0.000080
14534 0.000081
14556 0.000082
14577 0.000081
14599 0.000082
14621 0.000082
14642 0.000081
14664 0.000082
14685 0.000083
14707 0.000083
14728 0.000082
14750 0.000085
14771 0.000082
14793 0.000082
14814 0.000082
14836 0.000080
14857 0.000081
14879 0.000080
14900 0.000081
14922 0.000081
14944 0.000080
14965 0.000080
14987 0.000080
15008 0.000077
15030 0.000080
15051 0.000080
15073 0.000080
15094 0.000082
15116 0.000082
15137 0.000080
15159 0.000080
15180 0.000080
15202 0.000079
15223 0.000079
15245 0.000080
15267 0.000082
15288 0.000072
15310 0.000079
15331 0.000079
15353 0.000079
15374 0.000079
15396 0.000078
15417 0.000078
15439 0.000078
15460 0.000079
15482 0.000079
15503 0.000080
15525 0.000078
15546 0.000079
15568 0.000078
15590 0.000079
15611 0.000077
15633 0.000078
15654 0.000080
15676 0.000079
15697 0.000077
15719 0.000077
15740 0.000080
15762 0.000078
15783 0.000079
15805 0.000079
15826 0.000077
15848 0.000078
15869 0.000079
15891 0.000077
15913 0.000078
15934 0.000079
15956 0.000076
15977 0.000077
15999 0.000078
16020 0.000078
16042 0.000078
16063 0.000077
16085 0.000078
16106 0.000078
16128 0.000077
16149 0.000077
16171 0.000077
16192 0.000077
16214 0.000078
16236 0.000076
16257 0.000077
16279 0.000076
16300 0.000077
16322 0.000076
16343 0.000076
16365 0.000076
16386 0.000076
16408 0.000076
16429 0.000076
16451 0.000077
16472 0.000076
16494 0.000077
16515 0.000076
16537 0.000075
16559 0.000076
16580 0.000076
16602 0.000077
16623 0.000077
16645 0.000077
16666 0.000077
16688 0.000076
16709 0.000075
16731 0.000076
16752 0.000076
16774 0.000076
16795 0.000077
16817 0.000074
16838 0.000077
16860 0.000076
16882 0.000077
16903 0.000075
16925 0.000076
16946 0.000075
16968 0.000076
16989 0.000075
17011 0.000075
17032 0.000075
17054 0.000075
17075 0.000075
17097 0.000076
17118 0.000074
17140 0.000075
17161 0.000076
17183 0.000075
17205 0.000075
17226 0.000075
17248 0.000075
17269 0.000075
17291 0.000075
17312 0.000074
17334 0.000075
17355 0.000074
17377 0.000076
17398 0.000075
17420 0.000074
17441 0.000075
17463 0.000075
17484 0.000074
17506 0.000075
17528 0.000074
17549 0.000075
17571 0.000074
17592 0.000074
17614 0.000075
17635 0.000074
17657 0.000074
17678 0.000073
17700 0.000074
17721 0.000075
17743 0.000074
17764 0.000074
17786 0.000074
17807 0.000073
17829 0.000074
17851 0.000074
17872 0.000074
17894 0.000074
17915 0.000074
17937 0.000074
17958 0.000074
17980 0.000074
18001 0.000074
18023 0.000073
18044 0.000074
18066 0.000073
18087 0.000073
18109 0.000074
18130 0.000073
18152 0.000073
18174 0.000073
18195 0.000073
18217 0.000074
18238 0.000074
18260 0.000073
18281 0.000073
18303 0.000073
18324 0.000073
18346 0.000073
18367 0.000073
18389 0.000073
18410 0.000073
18432 0.000073
18453 0.000073
18475 0.000073
18497 0.000073
18518 0.000072
18540 0.000073
18561 0.000073
18583 0.000073
18604 0.000072
18626 0.000072
18647 0.000073
18669 0.000073
18690 0.000073
18712 0.000072
18733 0.000072
18755 0.000073
18776 0.000072
18798 0.000073
18820 0.000072
18841 0.000072
18863 0.000072
18884 0.000073
18906 0.000072
18927 0.000072
18949 0.000072
18970 0.000072
18992 0.000072
19013 0.000072
19035 0.000072
19056 0.000073
19078 0.000072
19099 0.000072
19121 0.000072
19143 0.000072
19164 0.000072
19186 0.000072
19207 0.000072
19229 0.000072
19250 0.000072
19272 0.000072
19293 0.000072
19315 0.000072
19336 0.000072
19358 0.000072
19379 0.000072
19401 0.000072
19422 0.000072
19444 0.000072
19466 0.000072
19487 0.000072
19509 0.000072
19530 0.000072
19552 0.000072
19573 0.000072
19595 0.000072
19616 0.000071
19638 0.000072
19659 0.000072
19681 0.000072
19702 0.000071
19724 0.000072
19745 0.000071
19767 0.000071
19789 0.000072
19810 0.000072
19832 0.000072
19853 0.000071
19875 0.000071
19896 0.000071
19918 0.000071
19939 0.000071
19961 0.000071
19982 0.000071
20004 0.000071
20025 0.000071
20047 0.000071
20068 0.000071
20090 0.000071
20112 0.000071
20133 0.000071
20155 0.000071
20176 0.000071
20198 0.000071
20219 0.000071
20241 0.000071
20262 0.000071
20284 0.000071
20305 0.000071
20327 0.000071
20348 0.000071
20370 0.000071
20391 0.000071
20413 0.000071
20435 0.000071
20456 0.000071
20478 0.000071
20499 0.000071
20521 0.000071
20542 0.000071
20564 0.000071
20585 0.000071
20607 0.000071
20628 0.000071
20650 0.000071
20671 0.000071
20693 0.000071
20714 0.000071
20736 0.000071
20758 0.000071
20779 0.000071
20801 0.000071
20822 0.000071
20844 0.000071
20865 0.000071
20887 0.000071
20908 0.000071
20930 0.000071
20951 0.000071
20973 0.000071
20994 0.000071
21016 0.000071
21037 0.000071
21059 0.000071
21081 0.000071
21102 0.000071
21124 0.000071
21145 0.000071
21167 0.000071
21188 0.000071
21210 0.000071
21231 0.000071
21253 0.000071
21274 0.000071
21296 0.000071
21317 0.000071
21339 0.000071
21360 0.000071
21382 0.000071
21404 0.000071
21425 0.000071
21447 0.000071
21468 0.000071
21490 0.000071
21511 0.000071
21533 0.000071
21554 0.000071
21576 0.000071
21597 0.000071
21619 0.000071
21640 0.000071
21662 0.000071
21683 0.000071
21705 0.000071
21727 0.000071
21748 0.000071
21770 0.000071
21791 0.000071
21813 0.000071
21834 0.000071
21856 0.000071
21877 0.000071
21899 0.000071
21920 0.000071
21942 0.000071
21963 0.000071
21985 0.000071
22006 0.000071
22028 0.000071
22050 0.000071
22071 0.000071
22093 0.000071
22114 0.000071
22136 0.000071
22157 0.000071
22179 0.000071
22200 0.000071
22222 0.000071
22243 0.000071
22265 0.000071
22286 0.000071
22308 0.000071
22329 0.000071
22351 0.000071
22372 0.000071
22394 0.000071
22416 0.000071
22437 0.000071
22459 0.000071
22480 0.000071
22502 0.000071
22523 0.000071
22545 0.000071
22566 0.000071
22588 0.000071
22609 0.000071
22631 0.000071
22652 0.000071
22674 0.000071
22695 0.000071
22717 0.000071
22739 0.000071
22760 0.000071
22782 0.000071
22803 0.000071
22825 0.000071
22846 0.000071
22868 0.000071
22889 0.000071
22911 0.000071
22932 0.000071
22954 0.000071
22975 0.000071
22997 0.000071
23018 0.000071
23040 0.000071
23062 0.000071
23083 0.000071
23105 0.000071
23126 0.000071
23148 0.000071
23169 0.000071
23191 0.000071
23212 0.000071
23234 0.000071
23255 0.000071
23277 0.000071
23298 0.000071
23320 0.000071
23341 0.000071
23363 0.000071
23385 0.000071
23406 0.000071
23428 0.000071
23449 0.000071
23471 0.000071
23492 0.000071
23514 0.000071
23535 0.000071
23557 0.000071
23578 0.000071
23600 0.000071
23621 0.000071
23643 0.000071
23664 0.000071
23686 0.000071
23708 0.000071
23729 0.000071
23751 0.000071
23772 0.000071
23794 0.000071
23815 0.000071
23837 0.000071
23858 0.000071
23880 0.000071
23901 0.000071
23923 0.000071
23944 0.000071
23966 0.000071
23987 0.000071
24009 0.000071
24031 0.000071
24052 0.000071
24074 0.000071
24095 0.000071
24117 0.000071
24138 0.000071
24160 0.000071
24181 0.000071
24203 0.000071
24224 0.000071
24246 0.000071
24267 0.000072
24289 0.000072
24310 0.000072
24332 0.000071
24354 0.000071
24375 0.000072
24397 0.000071
24418 0.000072
24440 0.000072
24461 0.000072
24483 0.000071
24504 0.000072
24526 0.000072
24547 0.000072
24569 0.000072
24590 0.000072
24612 0.000072
24633 0.000072
24655 0.000072
24677 0.000072
24698 0.000072
24720 0.000072
24741 0.000072
24763 0.000072
24784 0.000072
24806 0.000072
24827 0.000072
24849 0.000072
24870 0.000072
24892 0.000072
24913 0.000072
24935 0.000072
24956 0.000072
24978 0.000072
25000 0.000072
25021 0.000072
25043 0.000073
25064 0.000072
25086 0.000072
25107 0.000072
25129 0.000072
25150 0.000072
25172 0.000072
25193 0.000072
25215 0.000073
25236 0.000072
25258 0.000072
25279 0.000072
25301 0.000073
25323 0.000072
25344 0.000073
25366 0.000072
25387 0.000072
25409 0.000073
25430 0.000073
25452 0.000073
25473 0.000072
25495 0.000072
25516 0.000073
25538 0.000073
25559 0.000073
25581 0.000072
25602 0.000073
25624 0.000073
25646 0.000073
25667 0.000073
25689 0.000073
25710 0.000073
25732 0.000073
25753 0.000073
25775 0.000073
25796 0.000073
25818 0.000073
25839 0.000073
25861 0.000074
25882 0.000074
25904 0.000073
25925 0.000073
25947 0.000073
25969 0.000073
25990 0.000074
26012 0.000073
26033 0.000073
26055 0.000074
26076 0.000073
26098 0.000074
26119 0.000074
26141 0.000074
26162 0.000074
26184 0.000074
26205 0.000074
26227 0.000074
26248 0.000074
26270 0.000074
26292 0.000073
26313 0.000074
26335 0.000074
26356 0.000074
26378 0.000075
26399 0.000074
26421 0.000073
26442 0.000074
26464 0.000074
26485 0.000075
26507 0.000074
26528 0.000074
26550 0.000075
26571 0.000074
26593 0.000075
26615 0.000074
26636 0.000075
26658 0.000075
26679 0.000074
26701 0.000075
26722 0.000076
26744 0.000074
26765 0.000075
26787 0.000074
26808 0.000075
26830 0.000075
26851 0.000075
26873 0.000075
26894 0.000075
26916 0.000075
26938 0.000076
26959 0.000075
26981 0.000074
27002 0.000076
27024 0.000075
27045 0.000075
27067 0.000075
27088 0.000075
27110 0.000075
27131 0.000076
27153 0.000075
27174 0.000076
27196 0.000075
27217 0.000077
27239 0.000076
27261 0.000077
27282 0.000074
27304 0.000077
27325 0.000076
27347 0.000076
27368 0.000076
27390 0.000075
27411 0.000076
27433 0.000077
27454 0.000077
27476 0.000077
27497 0.000077
27519 0.000076
27540 0.000076
27562 0.000075
27584 0.000076
27605 0.000077
27627 0.000076
27648 0.000077
27670 0.000076
27691 0.000076
27713 0.000076
27734 0.000076
27756 0.000076
27777 0.000076
27799 0.000077
27820 0.000076
27842 0.000077
27863 0.000076
27885 0.000078
27907 0.000077
27928 0.000077
27950 0.000077
27971 0.000077
27993 0.000078
28014 0.000078
28036 0.000077
28057 0.000078
28079 0.000078
28100 0.000078
28122 0.000077
28143 0.000076
28165 0.000079
28186 0.000078
28208 0.000077
28230 0.000079
28251 0.000078
28273 0.000077
28294 0.000079
28316 0.000079
28337 0.000078
28359 0.000080
28380 0.000077
28402 0.000077
28423 0.000079
28445 0.000080
28466 0.000078
28488 0.000077
28509 0.000079
28531 0.000078
28553 0.000079
28574 0.000078
28596 0.000080
28617 0.000079
28639 0.000079
28660 0.000078
28682 0.000078
28703 0.000078
28725 0.000079
28746 0.000079
28768 0.000079
28789 0.000079
28811 0.000072
28832 0.000082
28854 0.000080
28876 0.000079
28897 0.000079
28919 0.000080
28940 0.000080
28962 0.000080
28983 0.000082
29005 0.000082
29026 0.000080
29048 0.000080
29069 0.000080
29091 0.000077
29112 0.000080
29134 0.000080
29155 0.000080
29177 0.000081
29199 0.000081
29220 0.000080
29242 0.000081
29263 0.000080
29285 0.000082
29306 0.000082
29328 0.000082
29349 0.000085
29371 0.000082
29392 0.000083
29414 0.000083
29435 0.000082
29457 0.000081
29478 0.000082
29500 0.000082
29522 0.000081
29543 0.000082
29565 0.000081
29586 0.000080
29608 0.000081
29629 0.000080
29651 0.000080
29672 0.000082
29694 0.000083
29715 0.000081
29737 0.000080
29758 0.000081
29780 0.000083
29801 0.000082
29823 0.000084
29845 0.000081
29866 0.000085
29888 0.000082
29909 0.000083
29931 0.000084
29952 0.000083
29974 0.000083
29995 0.000082
30017 0.000084
30038 0.000084
30060 0.000082
30081 0.000083
30103 0.000084
30124 0.000085
30146 0.000085
30168 0.000086
30189 0.000081
30211 0.000084
30232 0.000086
30254 0.000085
30275 0.000085
30297 0.000085
30318 0.000085
30340 0.000085
30361 0.000083
30383 0.000083
30404 0.000084
30426 0.000084
30447 0.000084
30469 0.000086
30491 0.000086
30512 0.000083
30534 0.000084
30555 0.000084
30577 0.000088
30598 0.000085
30620 0.000085
30641 0.000086
30663 0.000084
30684 0.000085
30706 0.000087
30727 0.000088
30749 0.000088
30770 0.000087
30792 0.000089
30814 0.000085
30835 0.000086
30857 0.000089
30878 0.000085
30900 0.000088
30921 0.000085
30943 0.000087
30964 0.000088
30986 0.000087
31007 0.000087
31029 0.000088
31050 0.000089
31072 0.000089
31093 0.000086
31115 0.000089
31137 0.000089
31158 0.000087
31180 0.000090
31201 0.000089
31223 0.000087
31244 0.000088
31266 0.000090
31287 0.000089
31309 0.000091
31330 0.000090
31352 0.000088
31373 0.000091
31395 0.000089
31416 0.000087
31438 0.000081
31460 0.000090
31481 0.000089
31503 0.000088
31524 0.000091
31546 0.000089
31567 0.000090
31589 0.000087
31610 0.000092
31632 0.000091
31653 0.000090
31675 0.000089
31696 0.000092
31718 0.000089
31739 0.000090
31761 0.000090
31783 0.000089
31804 0.000096
31826 0.000093
31847 0.000094
31869 0.000091
31890 0.000094
31912 0.000096
31933 0.000094
31955 0.000092
31976 0.000091
31998 0.000094
32019 0.000090
32041 0.000096
32062 0.000091
32084 0.000090
32106 0.000091
32127 0.000092
32149 0.000094
32170 0.000095
32192 0.000093
32213 0.000095
32235 0.000094
32256 0.000093
32278 0.000093
32299 0.000086
32321 0.000094
32342 0.000098
32364 0.000098
32385 0.000098
32407 0.000094
32429 0.000100
32450 0.000097
32472 0.000095
32493 0.000091
32515 0.000098
32536 0.000098
32558 0.000098
32579 0.000092
32601 0.000099
32622 0.000102
32644 0.000096
32665 0.000094
32687 0.000095
32708 0.000094
32730 0.000097
32752 0.000097
32773 0.000095
32795 0.000098
32816 0.000099
32838 0.000101
32859 0.000095
32881 0.000100
32902 0.000104
32924 0.000101
32945 0.000099
32967 0.000093
32988 0.000099
33010 0.000102
33031 0.000099
33053 0.000101
33075 0.000102
33096 0.000097
33118 0.000102
33139 0.000106
33161 0.000097
33182 0.000093
33204 0.000105
33225 0.000101
33247 0.000103
33268 0.000099
33290 0.000094
33311 0.000099
33333 0.000103
33354 0.000103
33376 0.000111
33397 0.000098
33419 0.000108
33441 0.000103
33462 0.000103
33484 0.000103
33505 0.000098
33527 0.000103
33548 0.000101
33570 0.000099
33591 0.000095
33613 0.000105
33634 0.000103
33656 0.000102
33677 0.000103
33699 0.000106
33720 0.000111
33742 0.000097
33764 0.000107
33785 0.000103
33807 0.000107
33828 0.000099
33850 0.000111
33871 0.000105
33893 0.000103
33914 0.000106
33936 0.000100
33957 0.000101
33979 0.000106
34000 0.000113
34022 0.000110
34043 0.000100
34065 0.000109
34087 0.000103
34108 0.000110
34130 0.000109
34151 0.000103
34173 0.000102
34194 0.000099
34216 0.000109
34237 0.000108
34259 0.000099
34280 0.000120
34302 0.000109
34323 0.000104
34345 0.000113
34366 0.000114
34388 0.000108
34410 0.000115
34431 0.000111
34453 0.000102
34474 0.000107
34496 0.000119
34517 0.000114
34539 0.000107
34560 0.000105
34582 0.000110
34603 0.000107
34625 0.000108
34646 0.000125
34668 0.000110
34689 0.000108
34711 0.000111
34733 0.000129
34754 0.000104
34776 0.000118
34797 0.000120
34819 0.000113
34840 0.000132
34862 0.000120
34883 0.000110
34905 0.000119
34926 0.000123
34948 0.000113
34969 0.000120
34991 0.000096
35012 0.000127
35034 0.000110
35056 0.000116
35077 0.000120
35099 0.000114
35120 0.000122
35142 0.000107
35163 0.000119
35185 0.000115
35206 0.000116
35228 0.000108
35249 0.000107
35271 0.000117
35292 0.000119
35314 0.000112
35335 0.000118
35357 0.000111
35379 0.000125
35400 0.000111
35422 0.000120
35443 0.000122
35465 0.000126
35486 0.000124
35508 0.000118
35529 0.000124
35551 0.000125
35572 0.000123
35594 0.000122
35615 0.000121
35637 0.000123
35658 0.000104
35680 0.000112
35702 0.000099
35723 0.000149
35745 0.000119
35766 0.000122
35788 0.000129
35809 0.000136
35831 0.000127
35852 0.000126
35874 0.000123
35895 0.000136
35917 0.000114
35938 0.000129
35960 0.000127
35981 0.000120
36003 0.000152
36025 0.000113
36046 0.000115
36068 0.000122
36089 0.000121
36111 0.000139
36132 0.000125
36154 0.000134
36175 0.000121
36197 0.000119
36218 0.000144
36240 0.000128
36261 0.000153
36283 0.000141
36304 0.000127
36326 0.000130
36348 0.000136
36369 0.000134
36391 0.000127
36412 0.000122
36434 0.000152
36455 0.000125
36477 0.000127
36498 0.000132
36520 0.000148
36541 0.000133
36563 0.000145
36584 0.000135
36606 0.000142
36627 0.000137
36649 0.000149
36671 0.000148
36692 0.000142
36714 0.000133
36735 0.000132
36757 0.000152
36778 0.000152
36800 0.000143
36821 0.000134
36843 0.000125
36864 0.000119
36886 0.000150
36907 0.000153
36929 0.000135
36950 0.000132
36972 0.000133
36994 0.000136
37015 0.000124
37037 0.000154
37058 0.000140
37080 0.000138
37101 0.000170
37123 0.000118
37144 0.000133
37166 0.000172
37187 0.000149
37209 0.000164
37230 0.000130
37252 0.000167
37273 0.000119
37295 0.000147
37317 0.000158
37338 0.000150
37360 0.000172
37381 0.000149
37403 0.000160
37424 0.000150
37446 0.000174
37467 0.000156
37489 0.000134
37510 0.000156
37532 0.000129
37553 0.000155
37575 0.000158
37596 0.000123
37618 0.000162
37640 0.000154
37661 0.000145
37683 0.000134
37704 0.000144
37726 0.000166
37747 0.000178
37769 0.000158
37790 0.000145
37812 0.000105
37833 0.000169
37855 0.000177
37876 0.000161
37898 0.000148
37919 0.000171
37941 0.000170
37963 0.000143
37984 0.000194
38006 0.000142
38027 0.000165
38049 0.000140
38070 0.000150
38092 0.000171
38113 0.000168
38135 0.000169
38156 0.000140
38178 0.000198
38199 0.000176
38221 0.000186
38242 0.000143
38264 0.000147
38286 0.000161
38307 0.000164
38329 0.000152
38350 0.000191
38372 0.000207
38393 0.000188
38415 0.000168
38436 0.000171
38458 0.000172
38479 0.000162
38501 0.000208
38522 0.000149
38544 0.000186
38565 0.000199
38587 0.000139
38609 0.000163
38630 0.000179
38652 0.000136
38673 0.000166
38695 0.000165
38716 0.000226
38738 0.000170
38759 0.000175
38781 0.000155
38802 0.000155
38824 0.000215
38845 0.000220
38867 0.000200
38888 0.000192
38910 0.000148
38932 0.000183
38953 0.000153
38975 0.000195
38996 0.000186
39018 0.000142
39039 0.000182
39061 0.000188
39082 0.000173
39104 0.000162
39125 0.000192
39147 0.000201
39168 0.000204
39190 0.000261
39211 0.000224
39233 0.000149
39255 0.000216
39276 0.000241
39298 0.000243
39319 0.000265
39341 0.000247
39362 0.000206
39384 0.000173
39405 0.000186
39427 0.000193
39448 0.000205
39470 0.000183
39491 0.000220
39513 0.000142
39534 0.000220
39556 0.000172
39578 0.000218
39599 0.000250
39621 0.000232
39642 0.000228
39664 0.000169
39685 0.000194
39707 0.000210
39728 0.000184
39750 0.000244
39771 0.000232
39793 0.000269
39814 0.000299
39836 0.000228
39857 0.000252
39879 0.000219
39901 0.000209
39922 0.000286
39944 0.000199
39965 0.000242
39987 0.000175
40008 0.000250
40030 0.000200
40051 0.000237
40073 0.000183
40094 0.000281
40116 0.000258
40137 0.000239
40159 0.000207
40180 0.000225
40202 0.000374
40224 0.000252
40245 0.000276
40267 0.000199
40288 0.000305
40310 0.000267
40331 0.000207
40353 0.000289
40374 0.000187
40396 0.000412
40417 0.000252
40439 0.000330
40460 0.000308
40482 0.000220
40503 0.000274
40525 0.000279
40547 0.000199
40568 0.000191
40590 0.000195
40611 0.000278
40633 0.000187
40654 0.000201
40676 0.000285
40697 0.000322
40719 0.000355
40740 0.000225
40762 0.000329
40783 0.000393
40805 0.000287
40826 0.000284
40848 0.000255
40870 0.000289
40891 0.000218
40913 0.000396
40934 0.000212
40956 0.000353
40977 0.000341
40999 0.000152
41020 0.000410
41042 0.000130
41063 0.000420
41085 0.000311
41106 0.000324
41128 0.000186
41149 0.000270
41171 0.000322
41193 0.000409
41214 0.000423
41236 0.000312
41257 0.000282
41279 0.000141
41300 0.000527
41322 0.000339
41343 0.000353
41365 0.000407
41386 0.000203
41408 0.000448
41429 0.000344
41451 0.000200
41472 0.000435
41494 0.000459
41516 0.000504
41537 0.000438
41559 0.000324
41580 0.000300
41602 0.000672
41623 0.000379
41645 0.000822
41666 0.000393
41688 0.000478
41709 0.000274
41731 0.000347
41752 0.000432
41774 0.000408
41795 0.000505
41817 0.000549
41839 0.000271
41860 0.000638
41882 0.000427
41903 0.000543
41925 0.000627
41946 0.000298
41968 0.000842
41989 0.000775
42011 0.000210
42032 0.000473
42054 0.000705
42075 0.000491
42097 0.001360
42118 0.000609
42140 0.000049
42162 0.000385
42183 0.000547
42205 0.000756
42226 0.000281
42248 0.000127
42269 0.001092
42291 0.000032
42312 0.001240
42334 0.000160
42355 0.000865
42377 0.000788
42398 0.000162
42420 0.001354
42441 0.000605
42463 0.000469
42485 0.000927
42506 0.000661
42528 0.000575
42549 0.000571
42571 0.000514
42592 0.001358
42614 0.001195
42635 0.001662
42657 0.001417
42678 0.001248
42700 0.001276
42721 0.000652
42743 0.001194
42764 0.000545
42786 0.001411
42808 0.000223
42829 0.001208
42851 0.001470
42872 0.000702
42894 0.002250
42915 0.001455
42937 0.000921
42958 0.000436
42980 0.001408
43001 0.001125
43023 0.001551
43044 0.002155
43066 0.002046
43087 0.002677
43109 0.003391
43131 0.002056
43152 0.001522
43174 0.001186
43195 0.001262
43217 0.013190
43238 0.004519
43260 0.004810
43281 0.003305
43303 0.003523
43324 0.010202
43346 0.003928
43367 0.017016
43389 0.002653
43410 0.001537
43432 0.010118
43454 0.013708
43475 0.009053
43497 0.015135
43518 0.016271
43540 0.016989
43561 0.011094
43583 0.006792
43604 0.008380
43626 0.008846
43647 0.026568
43669 0.021052
43690 0.009158
43712 0.007041
43733 0.011990
43755 0.021097
43777 0.027232
43798 0.085466
43820 0.044703
43841 0.013200
43863 0.015006
43884 0.033811
43906 0.014315
43927 0.011424
43949 0.062663
43970 0.024150
43992 0.009908
44013 0.002048
44035 0.003876
44056 0.002453
44078 0.000561
