0 0.008148
21 0.001584
43 0.001901
64 0.004779
86 0.002351
107 0.009063
129 0.024394
150 0.063069
172 0.012629
193 0.015399
215 0.035047
236 0.015716
258 0.013965
279 0.045648
301 0.084897
322 0.026210
344 0.021242
366 0.011247
387 0.006156
409 0.008035
430 0.020899
452 0.027707
473 0.009956
495 0.008819
516 0.007747
538 0.012705
559 0.016738
581 0.015948
602 0.016397
624 0.010283
645 0.015476
667 0.010159
689 0.002499
710 0.003878
732 0.020693
753 0.004215
775 0.010480
796 0.003475
818 0.003247
839 0.005236
861 0.005420
882 0.015959
904 0.002501
925 0.001190
947 0.001360
968 0.003728
990 0.006102
1012 0.003515
1033 0.001430
1055 0.001932
1076 0.002508
1098 0.001266
1119 0.000671
1141 0.002291
1162 0.001557
1184 0.003210
1205 0.003622
1227 0.000785
1248 0.003753
1270 0.002013
1291 0.001439
1313 0.002644
1335 0.002736
1356 0.002045
1378 0.000455
1399 0.002627
1421 0.001784
1442 0.003415
1464 0.002085
1485 0.002442
1507 0.001489
1528 0.000698
1550 0.001365
1571 0.000595
1593 0.000320
1614 0.001156
1636 0.000944
1658 0.000266
1679 0.002768
1701 0.002470
1722 0.001171
1744 0.001852
1765 0.001652
1787 0.002876
1808 0.002069
1830 0.002250
1851 0.002145
1873 0.001844
1894 0.001559
1916 0.000283
1937 0.001277
1959 0.002327
1981 0.004331
2002 0.005106
2024 0.002065
2045 0.000815
2067 0.003632
2088 0.001507
2110 0.002109
2131 0.001627
2153 0.002616
2174 0.000601
2196 0.000838
2217 0.000785
2239 0.000752
2260 0.002010
2282 0.000442
2304 0.000169
2325 0.000509
2347 0.000244
2368 0.002233
2390 0.001246
2411 0.000849
2433 0.000820
2454 0.002392
2476 0.000614
2497 0.001589
2519 0.001773
2540 0.000708
2562 0.001011
2583 0.000739
2605 0.000608
2627 0.000341
2648 0.001527
2670 0.001843
2691 0.001663
2713 0.002078
2734 0.001996
2756 0.000449
2777 0.000439
2799 0.001559
2820 0.002650
2842 0.002455
2863 0.001007
2885 0.000860
2906 0.000680
2928 0.000469
2950 0.002498
2971 0.002004
2993 0.001450
3014 0.000419
3036 0.000655
3057 0.002145
3079 0.000817
3100 0.001914
3122 0.001403
3143 0.000936
3165 0.002117
3186 0.000700
3208 0.001937
3229 0.001908
3251 0.000787
3273 0.000953
3294 0.001131
3316 0.000955
3337 0.001509
3359 0.001386
3380 0.000524
3402 0.001310
3423 0.000314
3445 0.001711
3466 0.001845
3488 0.001002
3509 0.001546
3531 0.001635
3552 0.002039
3574 0.000277
3596 0.001467
3617 0.001445
3639 0.001156
3660 0.000750
3682 0.000915
3703 0.002426
3725 0.002367
3746 0.001218
3768 0.002203
3789 0.002060
3811 0.000466
3832 0.001145
3854 0.000660
3875 0.001994
3897 0.002211
3919 0.001829
3940 0.001052
3962 0.001272
3983 0.000839
4005 0.001217
4026 0.001621
4048 0.000700
4069 0.001155
4091 0.000685
4112 0.001657
4134 0.000459
4155 0.000954
4177 0.000684
4198 0.001741
4220 0.000959
4242 0.000214
4263 0.000704
4285 0.001412
4306 0.002323
4328 0.000846
4349 0.000326
4371 0.001160
4392 0.001346
4414 0.000895
4435 0.001671
4457 0.000132
4478 0.001837
4500 0.000671
4521 0.001129
4543 0.001650
4565 0.000260
4586 0.001981
4608 0.001176
4629 0.000975
4651 0.000933
4672 0.000785
4694 0.000909
4715 0.001231
4737 0.000751
4758 0.001479
4780 0.001410
4801 0.000839
4823 0.000789
4844 0.001834
4866 0.001837
4888 0.000809
4909 0.001773
4931 0.001060
4952 0.001215
4974 0.001858
4995 0.002424
5017 0.001223
5038 0.001969
5060 0.000728
5081 0.001935
5103 0.000868
5124 0.001364
5146 0.001412
5167 0.000838
5189 0.001530
5211 0.000456
5232 0.000133
5254 0.001080
5275 0.000638
5297 0.001447
5318 0.001374
5340 0.000798
5361 0.001074
5383 0.001358
5404 0.001641
5426 0.000879
5447 0.001851
5469 0.000385
5490 0.000921
5512 0.001913
5534 0.000528
5555 0.000107
5577 0.001352
5598 0.001342
5620 0.001067
5641 0.000590
5663 0.000611
5684 0.000769
5706 0.000223
5727 0.001006
5749 0.000942
5770 0.001120
5792 0.000603
5813 0.000759
5835 0.001409
5857 0.001380
5878 0.000528
5900 0.000062
5921 0.000930
5943 0.001968
5964 0.001042
5986 0.000411
6007 0.002348
6029 0.000945
6050 0.001494
6072 0.000569
6093 0.001236
6115 0.001704
6136 0.001212
6158 0.000255
6180 0.000794
6201 0.000878
6223 0.000273
6244 0.000877
6266 0.000921
6287 0.002735
6309 0.001550
6330 0.000330
6352 0.001323
6373 0.001175
6395 0.000914
6416 0.001518
6438 0.001532
6459 0.000365
6481 0.000099
6503 0.001980
6524 0.000292
6546 0.000523
6567 0.001569
6589 0.000433
6610 0.001828
6632 0.000923
6653 0.001143
6675 0.000483
6696 0.000539
6718 0.002523
6739 0.000976
6761 0.000245
6782 0.000880
6804 0.001473
6826 0.002139
6847 0.001426
6869 0.001478
6890 0.000716
6912 0.000866
6933 0.001421
6955 0.001614
6976 0.001822
6998 0.002959
7019 0.001260
7041 0.000864
7062 0.001322
7084 0.001638
7105 0.001310
7127 0.000854
7149 0.001152
7170 0.000988
7192 0.000598
7213 0.000445
7235 0.002226
7256 0.001254
7278 0.000755
7299 0.000653
7321 0.000583
7342 0.000687
7364 0.001110
7385 0.001087
7407 0.000186
7428 0.000416
7450 0.001241
7472 0.000395
7493 0.001383
7515 0.000356
7536 0.000548
7558 0.000798
7579 0.001320
7601 0.000488
7622 0.000963
7644 0.000962
7665 0.001123
7687 0.001163
7708 0.000809
7730 0.000944
7751 0.001090
7773 0.000441
7795 0.000696
7816 0.000625
7838 0.001388
7859 0.000626
7881 0.000784
7902 0.001108
7924 0.001268
7945 0.001619
7967 0.000586
7988 0.001585
8010 0.001296
8031 0.000766
8053 0.001603
8074 0.001490
8096 0.001744
8118 0.000967
8139 0.000710
8161 0.000887
8182 0.001365
8204 0.000604
8225 0.000554
8247 0.000273
8268 0.000385
8290 0.001070
8311 0.000186
8333 0.000534
8354 0.000743
8376 0.002052
8397 0.002577
8419 0.001545
8441 0.002110
8462 0.000363
8484 0.000470
8505 0.000330
8527 0.000888
8548 0.000432
8570 0.000020
8591 0.000572
8613 0.000117
8634 0.000417
8656 0.000152
8677 0.001421
8699 0.001165
8720 0.001144
8742 0.001160
8764 0.000389
8785 0.001136
8807 0.000396
8828 0.000465
8850 0.001728
8871 0.001431
8893 0.001048
8914 0.000548
8936 0.000204
8957 0.001301
8979 0.000582
9000 0.002539
9022 0.000770
9043 0.000458
9065 0.000994
9087 0.002250
9108 0.002393
9130 0.000372
9151 0.000770
9173 0.000877
9194 0.001135
9216 0.000722
9237 0.000773
9259 0.001953
9280 0.001004
9302 0.001502
9323 0.000302
9345 0.001418
9366 0.001891
9388 0.000965
9410 0.000854
9431 0.000619
9453 0.001369
9474 0.001065
9496 0.000818
9517 0.000573
9539 0.001410
9560 0.001009
9582 0.001450
9603 0.001919
9625 0.000813
9646 0.001425
9668 0.000533
9689 0.002477
9711 0.000475
9733 0.000880
9754 0.000912
9776 0.001047
9797 0.000375
9819 0.001311
9840 0.001554
9862 0.000716
9883 0.000268
9905 0.001516
9926 0.001187
9948 0.001664
9969 0.000483
9991 0.000925
10012 0.001012
10034 0.001506
10056 0.001263
10077 0.000506
10099 0.001206
10120 0.000489
10142 0.001209
10163 0.001106
10185 0.000610
10206 0.000724
10228 0.000772
10249 0.001238
10271 0.001113
10292 0.000167
10314 0.000540
10335 0.000788
10357 0.001890
10379 0.001379
10400 0.000186
10422 0.000487
10443 0.000749
10465 0.000845
10486 0.000852
10508 0.001836
10529 0.001123
10551 0.001209
10572 0.000398
10594 0.001414
10615 0.000162
10637 0.000406
10658 0.001040
10680 0.001012
10702 0.001471
10723 0.001597
10745 0.000230
10766 0.000345
10788 0.000819
10809 0.001595
10831 0.000592
10852 0.000699
10874 0.000064
10895 0.000758
10917 0.001885
10938 0.000877
10960 0.001041
10981 0.000915
11003 0.002073
11025 0.001544
11046 0.000808
11068 0.000517
11089 0.000526
11111 0.000480
11132 0.001454
11154 0.000275
11175 0.000671
11197 0.001047
11218 0.000692
11240 0.001196
11261 0.001015
11283 0.000227
11304 0.000896
11326 0.001112
11347 0.000448
11369 0.000328
11391 0.000801
11412 0.000871
11434 0.000785
11455 0.000722
11477 0.001035
11498 0.000480
11520 0.001227
11541 0.001054
11563 0.000256
11584 0.001382
11606 0.001858
11627 0.000277
11649 0.000641
11670 0.001683
11692 0.000665
11714 0.000719
11735 0.000540
11757 0.000812
11778 0.001052
11800 0.002205
11821 0.000997
11843 0.000565
11864 0.000500
11886 0.001181
11907 0.001177
11929 0.001212
11950 0.000547
11972 0.000638
11993 0.000706
12015 0.001023
12037 0.000671
12058 0.000731
12080 0.001243
12101 0.000624
12123 0.000828
12144 0.001147
12166 0.001227
12187 0.001390
12209 0.000348
12230 0.000520
12252 0.000959
12273 0.000831
12295 0.001221
12316 0.000911
12338 0.001074
12360 0.000696
12381 0.000788
12403 0.000418
12424 0.001117
12446 0.000287
12467 0.000553
12489 0.000442
12510 0.001611
12532 0.001155
12553 0.000794
12575 0.000541
12596 0.000751
12618 0.000981
12639 0.000330
12661 0.002930
12683 0.001532
12704 0.000360
12726 0.000471
12747 0.001324
12769 0.001440
12790 0.000652
12812 0.000004
12833 0.001124
12855 0.000499
12876 0.001336
12898 0.000785
12919 0.000321
12941 0.000520
12962 0.000572
12984 0.000766
13006 0.001017
13027 0.000454
13049 0.000455
13070 0.000168
13092 0.000456
13113 0.000784
13135 0.000312
13156 0.000314
13178 0.000972
13199 0.000676
13221 0.001076
13242 0.000823
13264 0.001296
13285 0.001136
13307 0.000682
13329 0.000714
13350 0.000556
13372 0.000949
13393 0.000834
13415 0.000814
13436 0.001156
13458 0.000315
13479 0.000756
13501 0.000949
13522 0.000709
13544 0.000811
13565 0.001063
13587 0.001191
13608 0.000459
13630 0.000707
13652 0.000784
13673 0.001170
13695 0.000766
13716 0.001724
13738 0.001196
13759 0.001969
13781 0.000158
13802 0.000740
13824 0.001305
13845 0.001165
13867 0.000496
13888 0.000375
13910 0.001550
13931 0.000807
13953 0.001179
13975 0.000291
13996 0.001241
14018 0.000928
14039 0.001213
14061 0.000876
14082 0.000177
14104 0.001353
14125 0.000526
14147 0.000539
14168 0.000583
14190 0.000484
14211 0.000836
14233 0.001246
14254 0.001001
14276 0.001460
14298 0.001261
14319 0.000779
14341 0.001257
14362 0.001623
14384 0.001096
14405 0.000625
14427 0.001027
14448 0.001275
14470 0.001100
14491 0.000723
14513 0.001017
14534 0.001130
14556 0.000412
14577 0.001836
14599 0.000488
14621 0.000868
14642 0.000723
14664 0.000773
14685 0.000770
14707 0.000854
14728 0.000518
14750 0.002585
14771 0.001863
14793 0.000759
14814 0.000509
14836 0.001160
14857 0.000336
14879 0.000929
14900 0.001032
14922 0.000523
14944 0.000737
14965 0.000763
14987 0.000446
15008 0.003164
15030 0.000758
15051 0.002000
15073 0.001491
15094 0.001503
15116 0.001168
15137 0.000322
15159 0.001722
15180 0.001098
15202 0.001256
15223 0.000849
15245 0.000759
15267 0.001571
15288 0.005431
15310 0.000717
15331 0.001080
15353 0.000648
15374 0.000608
15396 0.001186
15417 0.000701
15439 0.001536
15460 0.000651
15482 0.000326
15503 0.001170
15525 0.000903
15546 0.000845
15568 0.000631
15590 0.000853
15611 0.001257
15633 0.001657
15654 0.001251
15676 0.000627
15697 0.001646
15719 0.001190
15740 0.001930
15762 0.001115
15783 0.000768
15805 0.001174
15826 0.000815
15848 0.000613
15869 0.000772
15891 0.000859
15913 0.000238
15934 0.001650
15956 0.001358
15977 0.000694
15999 0.000489
16020 0.000531
16042 0.000183
16063 0.000385
16085 0.001286
16106 0.000359
16128 0.000447
16149 0.001161
16171 0.000166
16192 0.000173
16214 0.001169
16236 0.001260
16257 0.000791
16279 0.000753
16300 0.000493
16322 0.000653
16343 0.000787
16365 0.000681
16386 0.001230
16408 0.001611
16429 0.000605
16451 0.000804
16472 0.000579
16494 0.000854
16515 0.001042
16537 0.001792
16559 0.000087
16580 0.001318
16602 0.001061
16623 0.000782
16645 0.001310
16666 0.001260
16688 0.000456
16709 0.001027
16731 0.001168
16752 0.000231
16774 0.000413
16795 0.001602
16817 0.002347
16838 0.001311
16860 0.000861
16882 0.001112
16903 0.000384
16925 0.000569
16946 0.001425
16968 0.000657
16989 0.000241
17011 0.000484
17032 0.001177
17054 0.000481
17075 0.000680
17097 0.001669
17118 0.001289
17140 0.000606
17161 0.001505
17183 0.000718
17205 0.000484
17226 0.001041
17248 0.000758
17269 0.000182
17291 0.000479
17312 0.002295
17334 0.000666
17355 0.001156
17377 0.001847
17398 0.000373
17420 0.000820
17441 0.000161
17463 0.000473
17484 0.000585
17506 0.000735
17528 0.001617
17549 0.001089
17571 0.000368
17592 0.000547
17614 0.001003
17635 0.000493
17657 0.000455
17678 0.001866
17700 0.000671
17721 0.001103
17743 0.000946
17764 0.001462
17786 0.000560
17807 0.001510
17829 0.001003
17851 0.001156
17872 0.000890
17894 0.000904
17915 0.001841
17937 0.000883
17958 0.001635
17980 0.000532
18001 0.000264
18023 0.000939
18044 0.000206
18066 0.001672
18087 0.000653
18109 0.001074
18130 0.000807
18152 0.000506
18174 0.001400
18195 0.001635
18217 0.000545
18238 0.001201
18260 0.000949
18281 0.001559
18303 0.001276
18324 0.001436
18346 0.000674
18367 0.000774
18389 0.000535
18410 0.000779
18432 0.001050
18453 0.001113
18475 0.000377
18497 0.000792
18518 0.001589
18540 0.001353
18561 0.000630
18583 0.000904
18604 0.001100
18626 0.001537
18647 0.001093
18669 0.000532
18690 0.000887
18712 0.001409
18733 0.001422
18755 0.000158
18776 0.000725
18798 0.000393
18820 0.000371
18841 0.000998
18863 0.000696
18884 0.000895
18906 0.000507
18927 0.000483
18949 0.000939
18970 0.000819
18992 0.000842
19013 0.001574
19035 0.000499
19056 0.001515
19078 0.000706
19099 0.000881
19121 0.001379
19143 0.001461
19164 0.000795
19186 0.000703
19207 0.000411
19229 0.000681
19250 0.001773
19272 0.000943
19293 0.001860
19315 0.000135
19336 0.000286
19358 0.000523
19379 0.000475
19401 0.001861
19422 0.000698
19444 0.001253
19466 0.000509
19487 0.000449
19509 0.000768
19530 0.000901
19552 0.001014
19573 0.000767
19595 0.001028
19616 0.001367
19638 0.001195
19659 0.000894
19681 0.000738
19702 0.001126
19724 0.000647
19745 0.000689
19767 0.002240
19789 0.000064
19810 0.000203
19832 0.000897
19853 0.001964
19875 0.001044
19896 0.000838
19918 0.001106
19939 0.001017
19961 0.000798
19982 0.000505
20004 0.001726
20025 0.001273
20047 0.002387
20068 0.000577
20090 0.000977
20112 0.000473
20133 0.000866
20155 0.001060
20176 0.000590
20198 0.001720
20219 0.000772
20241 0.001137
20262 0.001431
20284 0.001627
20305 0.000811
20327 0.000692
20348 0.000535
20370 0.000936
20391 0.001989
20413 0.001149
20435 0.001087
20456 0.001053
20478 0.000868
20499 0.000361
20521 0.001632
20542 0.001515
20564 0.000664
20585 0.001391
20607 0.001737
20628 0.001489
20650 0.000623
20671 0.002045
20693 0.000992
20714 0.002083
20736 0.003504
20758 0.003093
20779 0.000960
20801 0.000519
20822 0.005355
20844 0.000892
20865 0.001803
20887 0.001387
20908 0.000722
20930 0.001262
20951 0.001360
20973 0.001490
20994 0.001710
21016 0.000636
21037 0.000685
21059 0.001518
21081 0.001271
21102 0.000543
21124 0.000788
21145 0.000452
21167 0.000309
21188 0.000308
21210 0.001334
21231 0.000722
21253 0.000632
21274 0.001014
21296 0.001380
21317 0.000523
21339 0.000540
21360 0.000898
21382 0.000671
21404 0.000203
21425 0.001179
21447 0.001277
21468 0.000805
21490 0.000872
21511 0.000416
21533 0.000261
21554 0.001049
21576 0.000618
21597 0.000972
21619 0.000533
21640 0.000985
21662 0.000483
21683 0.001553
21705 0.000650
21727 0.000645
21748 0.000488
21770 0.000305
21791 0.000440
21813 0.000930
21834 0.001427
21856 0.000437
21877 0.000840
21899 0.000289
21920 0.000350
21942 0.000371
21963 0.000733
21985 0.000405
22006 0.000798
22028 0.000183
22050 0.000580
22071 0.000183
22093 0.000798
22114 0.000405
22136 0.000733
22157 0.000371
22179 0.000350
22200 0.000289
22222 0.000840
22243 0.000437
22265 0.001427
22286 0.000930
22308 0.000440
22329 0.000305
22351 0.000488
22372 0.000645
22394 0.000650
22416 0.001553
22437 0.000483
22459 0.000985
22480 0.000533
22502 0.000972
22523 0.000618
22545 0.001049
22566 0.000261
22588 0.000416
22609 0.000872
22631 0.000805
22652 0.001277
22674 0.001179
22695 0.000203
22717 0.000671
22739 0.000898
22760 0.000540
22782 0.000523
22803 0.001380
22825 0.001014
22846 0.000632
22868 0.000722
22889 0.001334
22911 0.000308
22932 0.000309
22954 0.000452
22975 0.000788
22997 0.000543
23018 0.001271
23040 0.001518
23062 0.000685
23083 0.000636
23105 0.001710
23126 0.001490
23148 0.001360
23169 0.001262
23191 0.000722
23212 0.001387
23234 0.001803
23255 0.000892
23277 0.005355
23298 0.000519
23320 0.000960
23341 0.003093
23363 0.003504
23385 0.002083
23406 0.000992
23428 0.002045
23449 0.000623
23471 0.001489
23492 0.001737
23514 0.001391
23535 0.000664
23557 0.001515
23578 0.001632
23600 0.000361
23621 0.000868
23643 0.001053
23664 0.001087
23686 0.001149
23708 0.001989
23729 0.000936
23751 0.000535
23772 0.000692
23794 0.000811
23815 0.001627
23837 0.001431
23858 0.001137
23880 0.000772
23901 0.001720
23923 0.000590
23944 0.001060
23966 0.000866
23987 0.000473
24009 0.000977
24031 0.000577
24052 0.002387
24074 0.001273
24095 0.001726
24117 0.000505
24138 0.000798
24160 0.001017
24181 0.001106
24203 0.000838
24224 0.001044
24246 0.001964
24267 0.000897
24289 0.000203
24310 0.000064
24332 0.002240
24354 0.000689
24375 0.000647
24397 0.001126
24418 0.000738
24440 0.000894
24461 0.001195
24483 0.001367
24504 0.001028
24526 0.000767
24547 0.001014
24569 0.000901
24590 0.000768
24612 0.000449
24633 0.000509
24655 0.001253
24677 0.000698
24698 0.001861
24720 0.000475
24741 0.000523
24763 0.000286
24784 0.000135
24806 0.001860
24827 0.000943
24849 0.001773
24870 0.000681
24892 0.000411
24913 0.000703
24935 0.000795
24956 0.001461
24978 0.001379
25000 0.000881
25021 0.000706
25043 0.001515
25064 0.000499
25086 0.001574
25107 0.000842
25129 0.000819
25150 0.000939
25172 0.000483
25193 0.000507
25215 0.000895
25236 0.000696
25258 0.000998
25279 0.000371
25301 0.000393
25323 0.000725
25344 0.000158
25366 0.001422
25387 0.001409
25409 0.000887
25430 0.000532
25452 0.001093
25473 0.001537
25495 0.001100
25516 0.000904
25538 0.000630
25559 0.001353
25581 0.001589
25602 0.000792
25624 0.000377
25646 0.001113
25667 0.001050
25689 0.000779
25710 0.000535
25732 0.000774
25753 0.000674
25775 0.001436
25796 0.001276
25818 0.001559
25839 0.000949
25861 0.001201
25882 0.000545
25904 0.001635
25925 0.001400
25947 0.000506
25969 0.000807
25990 0.001074
26012 0.000653
26033 0.001672
26055 0.000206
26076 0.000939
26098 0.000264
26119 0.000532
26141 0.001635
26162 0.000883
26184 0.001841
26205 0.000904
26227 0.000890
26248 0.001156
26270 0.001003
26292 0.001510
26313 0.000560
26335 0.001462
26356 0.000946
26378 0.001103
26399 0.000671
26421 0.001866
26442 0.000455
26464 0.000493
26485 0.001003
26507 0.000547
26528 0.000368
26550 0.001089
26571 0.001617
26593 0.000735
26615 0.000585
26636 0.000473
26658 0.000161
26679 0.000820
26701 0.000373
26722 0.001847
26744 0.001156
26765 0.000666
26787 0.002295
26808 0.000479
26830 0.000182
26851 0.000758
26873 0.001041
26894 0.000484
26916 0.000718
26938 0.001505
26959 0.000606
26981 0.001289
27002 0.001669
27024 0.000680
27045 0.000481
27067 0.001177
27088 0.000484
27110 0.000241
27131 0.000657
27153 0.001425
27174 0.000569
27196 0.000384
27217 0.001112
27239 0.000861
27261 0.001311
27282 0.002347
27304 0.001602
27325 0.000413
27347 0.000231
27368 0.001168
27390 0.001027
27411 0.000456
27433 0.001260
27454 0.001310
27476 0.000782
27497 0.001061
27519 0.001318
27540 0.000087
27562 0.001792
27584 0.001042
27605 0.000854
27627 0.000579
27648 0.000804
27670 0.000605
27691 0.001611
27713 0.001230
27734 0.000681
27756 0.000787
27777 0.000653
27799 0.000493
27820 0.000753
27842 0.000791
27863 0.001260
27885 0.001169
27907 0.000173
27928 0.000166
27950 0.001161
27971 0.000447
27993 0.000359
28014 0.001286
28036 0.000385
28057 0.000183
28079 0.000531
28100 0.000489
28122 0.000694
28143 0.001358
28165 0.001650
28186 0.000238
28208 0.000859
28230 0.000772
28251 0.000613
28273 0.000815
28294 0.001174
28316 0.000768
28337 0.001115
28359 0.001930
28380 0.001190
28402 0.001646
28423 0.000627
28445 0.001251
28466 0.001657
28488 0.001257
28509 0.000853
28531 0.000631
28553 0.000845
28574 0.000903
28596 0.001170
28617 0.000326
28639 0.000651
28660 0.001536
28682 0.000701
28703 0.001186
28725 0.000608
28746 0.000648
28768 0.001080
28789 0.000717
28811 0.005431
28832 0.001571
28854 0.000759
28876 0.000849
28897 0.001256
28919 0.001098
28940 0.001722
28962 0.000322
28983 0.001168
29005 0.001503
29026 0.001491
29048 0.002000
29069 0.000758
29091 0.003164
29112 0.000446
29134 0.000763
29155 0.000737
29177 0.000523
29199 0.001032
29220 0.000929
29242 0.000336
29263 0.001160
29285 0.000509
29306 0.000759
29328 0.001863
29349 0.002585
29371 0.000518
29392 0.000854
29414 0.000770
29435 0.000773
29457 0.000723
29478 0.000868
29500 0.000488
29522 0.001836
29543 0.000412
29565 0.001130
29586 0.001017
29608 0.000723
29629 0.001100
29651 0.001275
29672 0.001027
29694 0.000625
29715 0.001096
29737 0.001623
29758 0.001257
29780 0.000779
29801 0.001261
29823 0.001460
29845 0.001001
29866 0.001246
29888 0.000836
29909 0.000484
29931 0.000583
29952 0.000539
29974 0.000526
29995 0.001353
30017 0.000177
30038 0.000876
30060 0.001213
30081 0.000928
30103 0.001241
30124 0.000291
30146 0.001179
30168 0.000807
30189 0.001550
30211 0.000375
30232 0.000496
30254 0.001165
30275 0.001305
30297 0.000740
30318 0.000158
30340 0.001969
30361 0.001196
30383 0.001724
30404 0.000766
30426 0.001170
30447 0.000784
30469 0.000707
30491 0.000459
30512 0.001191
30534 0.001063
30555 0.000811
30577 0.000709
30598 0.000949
30620 0.000756
30641 0.000315
30663 0.001156
30684 0.000814
30706 0.000834
30727 0.000949
30749 0.000556
30770 0.000714
30792 0.000682
30814 0.001136
30835 0.001296
30857 0.000823
30878 0.001076
30900 0.000676
30921 0.000972
30943 0.000314
30964 0.000312
30986 0.000784
31007 0.000456
31029 0.000168
31050 0.000455
31072 0.000454
31093 0.001017
31115 0.000766
31137 0.000572
31158 0.000520
31180 0.000321
31201 0.000785
31223 0.001336
31244 0.000499
31266 0.001124
31287 0.000004
31309 0.000652
31330 0.001440
31352 0.001324
31373 0.000471
31395 0.000360
31416 0.001532
31438 0.002930
31460 0.000330
31481 0.000981
31503 0.000751
31524 0.000541
31546 0.000794
31567 0.001155
31589 0.001611
31610 0.000442
31632 0.000553
31653 0.000287
31675 0.001117
31696 0.000418
31718 0.000788
31739 0.000696
31761 0.001074
31783 0.000911
31804 0.001221
31826 0.000831
31847 0.000959
31869 0.000520
31890 0.000348
31912 0.001390
31933 0.001227
31955 0.001147
31976 0.000828
31998 0.000624
32019 0.001243
32041 0.000731
32062 0.000671
32084 0.001023
32106 0.000706
32127 0.000638
32149 0.000547
32170 0.001212
32192 0.001177
32213 0.001181
32235 0.000500
32256 0.000565
32278 0.000997
32299 0.002205
32321 0.001052
32342 0.000812
32364 0.000540
32385 0.000719
32407 0.000665
32429 0.001683
32450 0.000641
32472 0.000277
32493 0.001858
32515 0.001382
32536 0.000256
32558 0.001054
32579 0.001227
32601 0.000480
32622 0.001035
32644 0.000722
32665 0.000785
32687 0.000871
32708 0.000801
32730 0.000328
32752 0.000448
32773 0.001112
32795 0.000896
32816 0.000227
32838 0.001015
32859 0.001196
32881 0.000692
32902 0.001047
32924 0.000671
32945 0.000275
32967 0.001454
32988 0.000480
33010 0.000526
33031 0.000517
33053 0.000808
33075 0.001544
33096 0.002073
33118 0.000915
33139 0.001041
33161 0.000877
33182 0.001885
33204 0.000758
33225 0.000064
33247 0.000699
33268 0.000592
33290 0.001595
33311 0.000819
33333 0.000345
33354 0.000230
33376 0.001597
33397 0.001471
33419 0.001012
33441 0.001040
33462 0.000406
33484 0.000162
33505 0.001414
33527 0.000398
33548 0.001209
33570 0.001123
33591 0.001836
33613 0.000852
33634 0.000845
33656 0.000749
33677 0.000487
33699 0.000186
33720 0.001379
33742 0.001890
33764 0.000788
33785 0.000540
33807 0.000167
33828 0.001113
33850 0.001238
33871 0.000772
33893 0.000724
33914 0.000610
33936 0.001106
33957 0.001209
33979 0.000489
34000 0.001206
34022 0.000506
34043 0.001263
34065 0.001506
34087 0.001012
34108 0.000925
34130 0.000483
34151 0.001664
34173 0.001187
34194 0.001516
34216 0.000268
34237 0.000716
34259 0.001554
34280 0.001311
34302 0.000375
34323 0.001047
34345 0.000912
34366 0.000880
34388 0.000475
34410 0.002477
34431 0.000533
34453 0.001425
34474 0.000813
34496 0.001919
34517 0.001450
34539 0.001009
34560 0.001410
34582 0.000573
34603 0.000818
34625 0.001065
34646 0.001369
34668 0.000619
34689 0.000854
34711 0.000965
34733 0.001891
34754 0.001418
34776 0.000302
34797 0.001502
34819 0.001004
34840 0.001953
34862 0.000773
34883 0.000722
34905 0.001135
34926 0.000877
34948 0.000770
34969 0.000372
34991 0.002393
35012 0.002250
35034 0.000994
35056 0.000458
35077 0.000770
35099 0.002539
35120 0.000582
35142 0.001301
35163 0.000204
35185 0.000548
35206 0.001048
35228 0.001431
35249 0.001728
35271 0.000465
35292 0.000396
35314 0.001136
35335 0.000389
35357 0.001160
35379 0.001144
35400 0.001165
35422 0.001421
35443 0.000152
35465 0.000417
35486 0.000117
35508 0.000572
35529 0.000020
35551 0.000432
35572 0.000888
35594 0.000330
35615 0.000470
35637 0.000363
35658 0.002110
35680 0.001545
35702 0.002577
35723 0.002052
35745 0.000743
35766 0.000534
35788 0.000186
35809 0.001070
35831 0.000385
35852 0.000273
35874 0.000554
35895 0.000604
35917 0.001365
35938 0.000887
35960 0.000710
35981 0.000967
36003 0.001744
36025 0.001490
36046 0.001603
36068 0.000766
36089 0.001296
36111 0.001585
36132 0.000586
36154 0.001619
36175 0.001268
36197 0.001108
36218 0.000784
36240 0.000626
36261 0.001388
36283 0.000625
36304 0.000696
36326 0.000441
36348 0.001090
36369 0.000944
36391 0.000809
36412 0.001163
36434 0.001123
36455 0.000962
36477 0.000963
36498 0.000488
36520 0.001320
36541 0.000798
36563 0.000548
36584 0.000356
36606 0.001383
36627 0.000395
36649 0.001241
36671 0.000416
36692 0.000186
36714 0.001087
36735 0.001110
36757 0.000687
36778 0.000583
36800 0.000653
36821 0.000755
36843 0.001254
36864 0.002226
36886 0.000445
36907 0.000598
36929 0.000988
36950 0.001152
36972 0.000854
36994 0.001310
37015 0.001638
37037 0.001322
37058 0.000864
37080 0.001260
37101 0.002959
37123 0.001822
37144 0.001614
37166 0.001421
37187 0.000866
37209 0.000716
37230 0.001478
37252 0.001426
37273 0.002139
37295 0.001473
37317 0.000880
37338 0.000245
37360 0.000976
37381 0.002523
37403 0.000539
37424 0.000483
37446 0.001143
37467 0.000923
37489 0.001828
37510 0.000433
37532 0.001569
37553 0.000523
37575 0.000292
37596 0.001980
37618 0.000099
37640 0.000365
37661 0.001532
37683 0.001518
37704 0.000914
37726 0.001175
37747 0.001323
37769 0.000330
37790 0.001550
37812 0.002735
37833 0.000921
37855 0.000877
37876 0.000273
37898 0.000878
37919 0.000794
37941 0.000255
37963 0.001212
37984 0.001704
38006 0.001236
38027 0.000569
38049 0.001494
38070 0.000945
38092 0.002348
38113 0.000411
38135 0.001042
38156 0.001968
38178 0.000930
38199 0.000062
38221 0.000528
38242 0.001380
38264 0.001409
38286 0.000759
38307 0.000603
38329 0.001120
38350 0.000942
38372 0.001006
38393 0.000223
38415 0.000769
38436 0.000611
38458 0.000590
38479 0.001067
38501 0.001342
38522 0.001352
38544 0.000107
38565 0.000528
38587 0.001913
38609 0.000921
38630 0.000385
38652 0.001851
38673 0.000879
38695 0.001641
38716 0.001358
38738 0.001074
38759 0.000798
38781 0.001374
38802 0.001447
38824 0.000638
38845 0.001080
38867 0.000133
38888 0.000456
38910 0.001530
38932 0.000838
38953 0.001412
38975 0.001364
38996 0.000868
39018 0.001935
39039 0.000728
39061 0.001969
39082 0.001223
39104 0.002424
39125 0.001858
39147 0.001215
39168 0.001060
39190 0.001773
39211 0.000809
39233 0.001837
39255 0.001834
39276 0.000789
39298 0.000839
39319 0.001410
39341 0.001479
39362 0.000751
39384 0.001231
39405 0.000909
39427 0.000785
39448 0.000933
39470 0.000975
39491 0.001176
39513 0.001981
39534 0.000260
39556 0.001650
39578 0.001129
39599 0.000671
39621 0.001837
39642 0.000132
39664 0.001671
39685 0.000895
39707 0.001346
39728 0.001160
39750 0.000326
39771 0.000846
39793 0.002323
39814 0.001412
39836 0.000704
39857 0.000214
39879 0.000959
39901 0.001741
39922 0.000684
39944 0.000954
39965 0.000459
39987 0.001657
40008 0.000685
40030 0.001155
40051 0.000700
40073 0.001621
40094 0.001217
40116 0.000839
40137 0.001272
40159 0.001052
40180 0.001829
40202 0.002211
40224 0.001994
40245 0.000660
40267 0.001145
40288 0.000466
40310 0.002060
40331 0.002203
40353 0.001218
40374 0.002367
40396 0.002426
40417 0.000915
40439 0.000750
40460 0.001156
40482 0.001445
40503 0.001467
40525 0.000277
40547 0.002039
40568 0.001635
40590 0.001546
40611 0.001002
40633 0.001845
40654 0.001711
40676 0.000314
40697 0.001310
40719 0.000524
40740 0.001386
40762 0.001509
40783 0.000955
40805 0.001131
40826 0.000953
40848 0.000787
40870 0.001908
40891 0.001937
40913 0.000700
40934 0.002117
40956 0.000936
40977 0.001403
40999 0.001914
41020 0.000817
41042 0.002145
41063 0.000655
41085 0.000419
41106 0.001450
41128 0.002004
41149 0.002498
41171 0.000469
41193 0.000680
41214 0.000860
41236 0.001007
41257 0.002455
41279 0.002650
41300 0.001559
41322 0.000439
41343 0.000449
41365 0.001996
41386 0.002078
41408 0.001663
41429 0.001843
41451 0.001527
41472 0.000341
41494 0.000608
41516 0.000739
41537 0.001011
41559 0.000708
41580 0.001773
41602 0.001589
41623 0.000614
41645 0.002392
41666 0.000820
41688 0.000849
41709 0.001246
41731 0.002233
41752 0.000244
41774 0.000509
41795 0.000169
41817 0.000442
41839 0.002010
41860 0.000752
41882 0.000785
41903 0.000838
41925 0.000601
41946 0.002616
41968 0.001627
41989 0.002109
42011 0.001507
42032 0.003632
42054 0.000815
42075 0.002065
42097 0.005106
42118 0.004331
42140 0.002327
42162 0.001277
42183 0.000283
42205 0.001559
42226 0.001844
42248 0.002145
42269 0.002250
42291 0.002069
42312 0.002876
42334 0.001652
42355 0.001852
42377 0.001171
42398 0.002470
42420 0.002768
42441 0.000266
42463 0.000944
42485 0.001156
42506 0.000320
42528 0.000595
42549 0.001365
42571 0.000698
42592 0.001489
42614 0.002442
42635 0.002085
42657 0.003415
42678 0.001784
42700 0.002627
42721 0.000455
42743 0.002045
42764 0.002736
42786 0.002644
42808 0.001439
42829 0.002013
42851 0.003753
42872 0.000785
42894 0.003622
42915 0.003210
42937 0.001557
42958 0.002291
42980 0.000671
43001 0.001266
43023 0.002508
43044 0.001932
43066 0.001430
43087 0.003515
43109 0.006102
43131 0.003728
43152 0.001360
43174 0.001190
43195 0.002501
43217 0.015959
43238 0.005420
43260 0.005236
43281 0.003247
43303 0.003475
43324 0.010480
43346 0.004215
43367 0.020693
43389 0.003878
43410 0.002499
43432 0.010159
43454 0.015476
43475 0.010283
43497 0.016397
43518 0.015948
43540 0.016738
43561 0.012705
43583 0.007747
43604 0.008819
43626 0.009956
43647 0.027707
43669 0.020899
43690 0.008035
43712 0.006156
43733 0.011247
43755 0.021242
43777 0.026210
43798 0.084897
43820 0.045648
43841 0.013965
43863 0.015716
43884 0.035047
43906 0.015399
43927 0.012629
43949 0.063069
43970 0.024394
43992 0.009063
44013 0.002351
44035 0.004779
44056 0.001901
44078 0.001584
