0 0.386383
3 0.417844
6 0.416479
9 0.432527
12 0.333242
16 0.193264
19 0.290751
22 0.492860
25 0.643368
28 0.573038
32 0.261387
35 0.219029
38 0.592486
41 0.711180
44 0.450420
48 0.088648
51 0.463452
54 0.581347
57 0.336597
60 0.324227
64 0.518277
67 0.447403
70 0.208808
73 0.437725
76 0.652688
80 0.502840
83 0.157867
86 0.549590
89 0.676772
92 0.359180
96 0.249911
99 0.582323
102 0.504531
105 0.086397
108 0.553455
112 0.818006
115 0.658068
118 0.157363
121 0.516589
124 0.700797
128 0.406890
131 0.230400
134 0.683841
137 0.755839
140 0.387559
144 0.246471
147 0.708396
150 0.738469
153 0.331214
156 0.406248
160 0.918391
163 0.905708
166 0.379481
169 0.306970
172 0.665324
176 0.535195
179 0.126375
182 0.525483
185 0.727155
188 0.458597
192 0.165010
195 0.725643
198 0.828840
201 0.405320
204 0.363586
208 0.904484
211 0.845512
214 0.282438
217 0.771171
220 1.210933
224 0.940254
227 0.116765
230 0.812573
233 1.117239
236 0.616576
240 0.333799
243 1.067429
246 1.068619
249 0.343418
252 0.548811
256 1.059651
259 0.882203
262 0.135264
265 0.724754
268 1.162176
272 0.855863
275 0.132935
278 0.999886
281 1.265818
284 0.654610
288 0.479098
291 1.291613
294 1.244303
297 0.376996
300 0.847356
304 1.468568
307 1.184376
310 0.195990
313 1.005063
316 1.485781
320 0.971566
323 0.382064
326 1.422084
329 1.668609
332 0.828060
336 0.614689
339 1.690867
342 1.655986
345 0.511742
348 1.188309
352 2.066661
355 1.576080
358 0.255894
361 1.730922
364 2.215798
368 1.188674
371 0.748080
374 2.213904
377 2.260724
380 0.778851
384 1.327620
387 2.692119
390 2.358557
393 0.386184
396 2.056118
400 3.347511
403 2.426941
406 0.372061
409 3.315822
412 4.271952
416 2.114021
419 2.301974
422 6.340403
425 6.760453
428 1.765838
432 8.275089
435 19.824126
438 28.673535
441 31.318780
444 26.804876
448 17.102096
451 6.109194
454 2.372168
457 5.996424
460 5.072074
464 1.623756
467 1.755709
470 3.252469
473 2.511695
476 0.495149
480 1.385230
483 2.033126
486 1.303321
489 0.172585
492 1.160685
496 1.285159
499 0.585179
502 0.523461
505 1.049513
508 0.925048
512 0.337115
515 0.421042
518 0.707075
521 0.534938
524 0.210570
528 0.422486
531 0.480850
534 0.278545
537 0.271198
540 0.351046
544 0.250411
547 0.087518
550 0.189404
553 0.166024
556 0.132120
560 0.261882
563 0.287942
566 0.161028
569 0.088649
572 0.176753
576 0.128647
579 0.029125
582 0.146179
585 0.127346
588 0.120476
592 0.299871
595 0.366813
598 0.258404
601 0.170890
604 0.231024
608 0.219510
611 0.137637
614 0.239856
617 0.297618
620 0.209149
624 0.218376
627 0.338174
630 0.298889
633 0.191715
636 0.326851
640 0.410053
643 0.296422
646 0.046620
649 0.254974
652 0.357893
656 0.203663
659 0.153331
662 0.498817
665 0.566490
668 0.296524
672 0.319135
675 0.600929
678 0.492959
681 0.205765
684 0.575741
688 0.732775
691 0.444819
694 0.357238
697 0.758931
700 0.749148
704 0.328763
707 0.519961
710 0.864967
713 0.684574
716 0.260631
720 0.758081
723 0.978573
726 0.610896
729 0.407322
732 0.994266
736 1.054740
739 0.461713
742 0.595582
745 1.177281
748 1.015167
752 0.243899
755 0.837694
758 1.213817
761 0.752757
764 0.291466
768 1.135092
771 1.248783
774 0.515307
777 0.631744
780 1.387681
784 1.224656
787 0.222745
790 1.026298
793 1.652398
796 1.202229
800 0.126865
803 1.467702
806 1.926447
809 1.089354
812 0.589357
816 2.026850
819 2.201122
822 0.859798
825 1.212639
828 2.656280
832 2.387657
835 0.403509
838 2.162025
841 3.528369
844 2.572253
848 0.498643
851 3.593835
854 4.661856
857 2.501696
860 2.811848
864 6.841415
867 6.673248
870 0.920497
873 13.250608
876 28.366688
880 40.080587
883 43.657205
886 37.493423
889 23.971528
892 8.348414
896 4.227943
899 9.451884
902 7.883552
905 2.382059
908 3.222189
912 5.547653
915 4.102619
918 0.501172
921 2.857680
924 3.854028
928 2.323797
931 0.405540
934 2.472132
937 2.695811
940 1.204840
944 0.860996
947 2.097203
950 1.852833
953 0.466038
956 1.167832
960 1.870356
963 1.341088
966 0.030096
969 1.233754
972 1.600662
976 0.937686
979 0.328108
982 1.192829
985 1.268577
988 0.551745
992 0.511003
995 1.101226
998 0.963192
1001 0.287610
1004 0.648864
1008 0.999590
1011 0.719711
1014 0.237797
1017 0.670364
1020 0.785598
1024 0.401525
1027 0.385089
1030 0.786799
1033 0.738652
1036 0.324901
1040 0.400659
1043 0.640707
1046 0.498163
1049 0.263858
1052 0.500917
1056 0.573519
1059 0.350588
1062 0.293544
1065 0.498046
1068 0.462074
1072 0.269011
1075 0.359055
1078 0.455571
1081 0.349451
1084 0.273376
1088 0.370531
1091 0.377138
1094 0.292249
1097 0.299554
1100 0.327369
1104 0.278974
1107 0.280911
1110 0.323187
1113 0.281531
1116 0.260566
1120 0.351743
1123 0.344214
1126 0.203441
1129 0.230370
1132 0.348141
1136 0.282862
1139 0.159801
1142 0.302125
1145 0.353777
1148 0.196281
1152 0.178650
1155 0.370764
1158 0.338537
1161 0.102204
1164 0.272408
1168 0.427129
1171 0.292435
1174 0.074099
1177 0.398538
1180 0.460192
1184 0.179536
1187 0.268699
1190 0.549540
1193 0.448734
1196 0.075093
1200 0.455976
1203 0.604447
1206 0.326523
1209 0.242516
1212 0.626827
1216 0.600227
1219 0.157072
1222 0.453105
1225 0.766863
1228 0.571531
1232 0.130490
1235 0.702174
1238 0.898273
1241 0.482864
1244 0.366728
1248 1.002573
1251 0.989015
1254 0.278507
1257 0.818054
1260 1.380964
1264 1.031104
1267 0.249998
1270 1.328209
1273 1.692653
1276 0.855729
1280 0.809110
1283 2.239973
1286 2.458124
1289 1.224345
1292 1.122949
1296 2.457127
1299 2.018312
1302 0.857094
1305 3.569504
1308 4.720716
1312 2.042195
1315 5.271255
1318 15.119808
1321 24.306010
1324 29.159155
1328 27.578857
1331 20.074071
1334 9.610306
1337 1.551738
1340 5.795676
1344 6.190572
1347 3.022571
1350 1.596189
1353 3.926288
1356 3.655036
1360 1.345137
1363 1.696698
1366 3.065899
1369 2.460530
1372 0.732265
1376 1.779890
1379 2.477903
1382 1.606603
1385 0.400970
1388 1.706659
1392 1.974680
1395 1.017461
1398 0.630660
1401 1.620289
1404 1.575338
1408 0.583017
1411 0.798314
1414 1.500276
1417 1.226380
1420 0.258179
1424 0.908699
1427 1.321706
1430 0.861762
1433 0.186251
1436 0.983289
1440 1.142620
1443 0.550123
1446 0.387820
1449 1.009683
1452 0.940907
1456 0.259501
1459 0.581708
1462 0.980982
1465 0.711805
1468 0.047208
1472 0.699357
1475 0.891543
1478 0.506038
1481 0.183631
1484 0.713682
1488 0.761563
1491 0.317290
1494 0.314618
1497 0.718814
1500 0.632437
1504 0.130030
1507 0.445743
1510 0.704016
1513 0.477331
1516 0.066890
1520 0.551314
1523 0.648580
1526 0.312478
1529 0.206919
1532 0.564512
1536 0.536250
1539 0.172382
1542 0.292048
1545 0.541109
1548 0.431505
1552 0.062046
1555 0.362953
1558 0.525684
1561 0.326591
1564 0.109349
1568 0.431760
1571 0.463465
1574 0.183910
1577 0.219219
1580 0.448922
1584 0.375282
1587 0.079481
1590 0.274587
1593 0.392010
1596 0.254620
1600 0.104861
1603 0.295108
1606 0.315358
1609 0.139491
1612 0.185837
1616 0.336751
1619 0.292205
1622 0.105160
1625 0.211335
1628 0.314094
1632 0.230396
1635 0.092264
1638 0.226816
1641 0.278356
1644 0.164554
1648 0.110412
1651 0.242198
1654 0.231105
1657 0.098310
1660 0.150642
1664 0.227818
1667 0.158504
1670 0.084494
1673 0.206147
1676 0.227805
1680 0.096559
1683 0.120161
1686 0.254026
1689 0.234886
1692 0.062098
1696 0.173886
1699 0.309398
1702 0.252237
1705 0.013564
1708 0.287574
1712 0.473147
1715 0.414917
1718 0.137007
1721 0.239905
1724 0.440152
1728 0.383098
1731 0.387225
1734 0.626328
1737 0.543729
1740 0.392825
1744 1.333779
1747 2.028982
1750 1.581550
1753 1.158691
1756 4.798356
1760 9.215514
1763 12.710955
1766 13.868622
1769 12.105151
1772 8.018132
1776 3.281186
1779 1.658610
1782 2.915852
1785 2.257157
1788 0.351741
1792 1.428019
1795 2.012346
1798 1.250740
1801 0.258892
1804 1.370456
1808 1.526691
1811 0.703607
1814 0.609330
1817 1.380691
1820 1.282331
1824 0.449074
1827 0.720916
1830 1.250672
1833 0.975502
1836 0.285683
1840 0.918417
1843 1.233495
1846 0.808058
1849 0.322657
1852 0.964078
1856 1.103271
1859 0.593856
1862 0.408031
1865 0.956651
1868 0.935028
1872 0.364942
1875 0.514526
1878 0.936829
1881 0.779017
1884 0.200612
1888 0.574408
1891 0.856034
1894 0.588432
1897 0.123114
1900 0.630251
1904 0.763396
1907 0.390056
1910 0.234279
1913 0.661339
1916 0.642729
1920 0.209806
1923 0.340785
1926 0.652320
1929 0.545384
1932 0.103558
1936 0.410675
1939 0.656331
1942 0.483285
1945 0.070013
1948 0.512965
1952 0.686775
1955 0.397483
1958 0.189996
1961 0.619134
1964 0.653741
1968 0.270889
1971 0.330708
1974 0.657612
1977 0.556055
1980 0.136861
1984 0.460161
1987 0.658486
1990 0.428693
1993 0.148833
1996 0.552444
2000 0.626438
2003 0.294810
2006 0.259383
2009 0.590813
2012 0.527566
2016 0.142967
2019 0.358425
2022 0.561861
2025 0.388806
2028 0.047926
2032 0.407213
2035 0.505936
2038 0.284840
2041 0.112990
2044 0.432800
2048 0.473536
2051 0.220668
2054 0.192327
2057 0.480573
2060 0.456827
2064 0.131143
2067 0.304693
2070 0.523273
2073 0.388764
2076 0.047344
2080 0.393125
2083 0.505121
2086 0.282555
2089 0.123176
2092 0.424429
2096 0.441865
2099 0.175794
2102 0.200113
2105 0.443658
2108 0.406156
2112 0.116077
2115 0.260833
2118 0.471592
2121 0.373920
2124 0.031703
2128 0.364385
2131 0.512622
2134 0.316785
2137 0.119956
2140 0.485067
2144 0.561640
2147 0.284355
2150 0.209217
2153 0.554153
2156 0.574706
2160 0.241537
2163 0.244948
2166 0.572402
2169 0.519423
2172 0.113993
2176 0.454408
2179 0.788774
2182 0.735851
2185 0.437980
2188 0.456804
2192 0.578963
2195 1.057592
2198 2.457836
2201 4.223425
2204 5.625123
2208 6.025631
2211 5.128949
2214 3.133719
2217 0.757173
2220 1.341426
2224 2.283986
2227 2.046407
2230 0.998224
2233 0.221889
2236 0.945070
2240 0.975242
2243 0.463848
2246 0.222022
2249 0.631684
2252 0.639471
2256 0.377011
2259 0.327800
2262 0.448896
2265 0.389978
2268 0.297455
2272 0.348125
2275 0.352717
2278 0.360774
2281 0.448503
2284 0.408784
2288 0.183376
2291 0.317206
2294 0.533652
2297 0.444237
2300 0.071979
2304 0.385043
2307 0.592856
2310 0.417468
2313 0.040194
2316 0.485054
2320 0.616802
2323 0.352944
2326 0.152373
2329 0.529533
2332 0.568479
2336 0.248457
2339 0.221180
2342 0.526551
2345 0.486580
2348 0.141263
2352 0.280236
2355 0.506958
2358 0.402514
2361 0.040795
2364 0.345511
2368 0.509671
2371 0.349771
2374 0.037608
2377 0.405809
2380 0.513224
2384 0.278100
2387 0.152478
2390 0.493335
2393 0.509206
2396 0.193616
2400 0.271573
2403 0.537662
2406 0.445181
2409 0.076530
2412 0.383800
2416 0.545083
2419 0.336438
2422 0.115906
2425 0.471495
2428 0.514214
2432 0.223489
2435 0.214076
2438 0.494599
2441 0.450757
2444 0.117440
2448 0.283581
2451 0.491597
2454 0.377225
2457 0.021061
2460 0.362267
2464 0.510794
2467 0.327640
2470 0.086006
2473 0.445529
2476 0.520232
2480 0.245846
2483 0.208717
2486 0.515944
2489 0.473466
2492 0.111721
2496 0.347886
2499 0.551730
2502 0.377400
2505 0.066402
2508 0.441187
2512 0.527208
2515 0.270767
2518 0.149872
2521 0.463457
2524 0.482778
2528 0.193512
2531 0.223006
2534 0.516243
2537 0.485047
2540 0.136742
2544 0.327521
2547 0.595853
2550 0.479394
2553 0.062957
2556 0.449817
2560 0.633609
2563 0.388118
2566 0.137284
2569 0.577653
2572 0.642716
2576 0.280258
2579 0.308290
2582 0.710906
2585 0.683734
2588 0.234907
2592 0.387397
2595 0.744957
2598 0.603484
2601 0.032735
2604 0.654126
2608 0.948016
2611 0.612265
2614 0.340142
2617 1.141777
2620 1.412196
2624 0.823954
2627 0.422840
2630 1.538464
2633 1.761775
2636 0.603414
2640 1.900647
2643 4.830250
2646 7.166727
2649 8.013331
2652 7.067443
2656 4.758495
2659 2.014641
2662 0.314195
2665 1.258101
2668 1.102110
2672 0.423182
2675 0.846814
2678 1.172583
2681 0.855908
2684 0.320491
2688 0.751331
2691 1.006541
2694 0.748417
2697 0.306495
2700 0.560064
2704 0.723168
2707 0.485448
2710 0.205837
2713 0.543027
2716 0.674976
2720 0.465252
2723 0.195176
2726 0.418190
2729 0.518159
2732 0.334813
2736 0.101113
2739 0.341442
2742 0.410629
2745 0.242773
2748 0.046864
2752 0.278090
2755 0.323511
2758 0.186329
2761 0.048426
2764 0.213806
2768 0.255405
2771 0.183028
2774 0.110628
2777 0.161911
2780 0.210081
2784 0.201563
2787 0.155007
2790 0.132412
2793 0.187421
2796 0.216470
2800 0.158866
2803 0.122142
2806 0.211418
2809 0.233411
2812 0.140085
2816 0.128294
2819 0.235207
2822 0.234649
2825 0.110431
2828 0.149797
2832 0.254349
2835 0.217996
2838 0.080598
2841 0.181164
2844 0.267884
2848 0.192868
2851 0.070190
2854 0.236221
2857 0.297386
2860 0.176723
2864 0.089973
2867 0.274210
2870 0.288776
2873 0.119361
2876 0.152099
2880 0.307858
2883 0.263368
2886 0.050634
2889 0.217532
2892 0.331753
2896 0.224282
2899 0.053540
2902 0.276292
2905 0.339610
2908 0.184139
2912 0.106600
2915 0.325170
2918 0.339564
2921 0.133460
2924 0.167133
2928 0.360483
2931 0.319680
2934 0.065336
2937 0.244173
2940 0.394082
2944 0.279685
2947 0.031005
2950 0.326942
2953 0.410548
2956 0.217535
2960 0.130307
2963 0.396825
2966 0.399241
2969 0.126896
2972 0.241846
2976 0.459763
2979 0.372842
2982 0.034969
2985 0.340602
2988 0.493958
2992 0.324529
2995 0.065972
2998 0.423123
3001 0.505987
3004 0.249234
3008 0.184878
3011 0.507032
3014 0.510917
3017 0.180689
3020 0.282436
3024 0.565597
3027 0.493370
3030 0.142108
3033 0.395236
3036 0.599658
3040 0.382790
3043 0.279864
3046 0.794134
3049 0.906050
3052 0.410306
3056 0.551403
3059 1.321802
3062 1.397491
3065 0.556389
3068 0.849485
3072 1.981365
3075 1.927702
3078 0.191122
3081 2.971625
3084 6.581394
3088 9.352493
3091 10.240883
3094 8.944407
3097 6.034196
3100 2.729315
3104 1.102350
3107 1.817568
3110 1.584959
3113 0.575152
3116 0.512205
3120 0.964512
3123 0.728564
3126 0.179229
3129 0.508172
3132 0.634479
3136 0.316915
3139 0.192865
3142 0.531176
3145 0.504557
3148 0.155103
3152 0.269905
3155 0.494303
3158 0.398759
3161 0.134596
3164 0.368093
3168 0.523729
3171 0.391070
3174 0.138538
3177 0.369527
3180 0.501878
3184 0.357829
3187 0.151145
3190 0.372348
3193 0.456900
3196 0.287537
3200 0.176236
3203 0.394009
3206 0.430489
3209 0.239545
3212 0.130158
3216 0.318768
3219 0.332446
3222 0.156134
3225 0.093588
3228 0.255422
3232 0.246013
3235 0.085398
3238 0.115605
3241 0.228415
3244 0.192282
3248 0.048228
3251 0.131790
3254 0.198006
3257 0.143314
3260 0.061769
3264 0.141060
3267 0.162170
3270 0.100954
3273 0.089697
3276 0.149030
3280 0.145484
3283 0.091720
3286 0.106619
3289 0.148184
3292 0.131600
3296 0.099731
3299 0.122134
3302 0.123311
3305 0.094909
3308 0.103085
3312 0.128568
3315 0.107008
3318 0.089548
3321 0.124346
3324 0.124380
3328 0.093277
3331 0.111045
3334 0.144925
3337 0.116949
3340 0.079157
3344 0.123159
3347 0.138851
3350 0.090346
3353 0.083931
3356 0.142808
3360 0.135459
3363 0.058812
3366 0.108847
3369 0.172124
3372 0.136475
3376 0.041204
3379 0.129451
3382 0.180107
3385 0.116012
3388 0.047810
3392 0.159669
3395 0.180173
3398 0.081064
3401 0.080903
3404 0.191440
3408 0.181088
3411 0.056406
3414 0.110663
3417 0.203941
3420 0.164196
3424 0.030861
3427 0.138230
3430 0.203583
3433 0.129567
3436 0.045664
3440 0.210500
3443 0.258764
3446 0.146983
3449 0.061029
3452 0.235381
3456 0.256785
3459 0.122368
3462 0.112998
3465 0.240614
3468 0.179372
3472 0.048066
3475 0.291193
3478 0.379222
3481 0.221199
3484 0.143828
3488 0.470050
3491 0.563810
3494 0.325207
3497 0.284027
3500 0.711678
3504 0.800645
3507 0.387462
3510 0.517059
3513 1.254782
3516 1.386377
3520 0.585113
3523 1.539205
3526 3.948352
3529 6.096694
3532 7.160602
3536 6.729181
3539 4.990265
3542 2.727668
3545 1.544166
3548 2.024406
3552 1.998515
3555 1.192985
3558 0.405481
3561 0.899616
3564 1.039014
3568 0.635945
3571 0.209235
3574 0.516695
3577 0.543018
3580 0.221483
3584 0.200405
3587 0.447095
3590 0.406770
3593 0.161244
3596 0.162372
3600 0.271161
3603 0.192867
3606 0.170595
3609 0.288542
3612 0.263043
3616 0.101102
3619 0.225656
3622 0.332871
3625 0.228991
3628 0.043883
3632 0.284172
3635 0.346226
3638 0.173742
3641 0.126564
3644 0.360044
3648 0.376071
3651 0.163772
3654 0.160157
3657 0.361109
3660 0.342160
3664 0.122310
3667 0.180355
3670 0.341561
3673 0.289979
3676 0.063391
3680 0.195662
3683 0.318754
3686 0.233648
3689 0.011478
3692 0.217145
3696 0.299112
3699 0.184862
3702 0.040313
3705 0.226663
3708 0.259184
3712 0.125311
3715 0.099880
3718 0.241714
3721 0.224978
3724 0.078642
3728 0.138507
3731 0.242662
3734 0.193583
3737 0.049061
3740 0.160931
3744 0.224855
3747 0.143435
3750 0.068362
3753 0.197576
3756 0.213464
3760 0.102232
3763 0.116624
3766 0.216171
3769 0.189924
3772 0.076412
3776 0.150238
3779 0.206256
3782 0.142527
3785 0.078975
3788 0.173483
3792 0.193078
3795 0.113372
3798 0.109681
3801 0.185349
3804 0.178189
3808 0.106821
3811 0.137595
3814 0.182737
3817 0.150680
3820 0.105716
3824 0.154115
3827 0.169829
3830 0.121625
3833 0.130038
3836 0.184027
3840 0.162785
3843 0.109660
3846 0.155753
3849 0.186350
3852 0.140990
3856 0.105623
3859 0.172880
3862 0.191041
3865 0.127428
3868 0.119767
3872 0.191990
3875 0.188644
3878 0.114650
3881 0.149142
3884 0.218703
3888 0.191600
3891 0.103602
3894 0.156328
3897 0.218219
3900 0.195223
3904 0.142548
3907 0.159406
3910 0.179459
3913 0.205455
3916 0.245461
3920 0.207622
3923 0.086509
3926 0.225840
3929 0.377154
3932 0.341200
3936 0.098380
3939 0.247008
3942 0.459873
3945 0.384058
3948 0.038062
3952 0.496818
3955 0.804905
3958 0.641968
3961 0.146350
3964 1.244022
3968 2.402759
3971 3.172747
3974 3.275730
3977 2.710254
3980 1.730712
3984 0.830010
3987 0.727770
3990 0.948368
3993 0.894695
3996 0.635324
4000 0.453522
4003 0.635324
4006 0.894695
4009 0.948368
4012 0.727770
4016 0.830010
4019 1.730712
4022 2.710254
4025 3.275730
4028 3.172747
4032 2.402759
4035 1.244022
4038 0.146350
4041 0.641968
4044 0.804905
4048 0.496818
4051 0.038062
4054 0.384058
4057 0.459873
4060 0.247008
4064 0.098380
4067 0.341200
4070 0.377154
4073 0.225840
4076 0.086509
4080 0.207622
4083 0.245461
4086 0.205455
4089 0.179459
4092 0.159406
4096 0.142548
4099 0.195223
4102 0.218219
4105 0.156328
4108 0.103602
4112 0.191600
4115 0.218703
4118 0.149142
4121 0.114650
4124 0.188644
4128 0.191990
4131 0.119767
4134 0.127428
4137 0.191041
4140 0.172880
4144 0.105623
4147 0.140990
4150 0.186350
4153 0.155753
4156 0.109660
4160 0.162785
4163 0.184027
4166 0.130038
4169 0.121625
4172 0.169829
4176 0.154115
4179 0.105716
4182 0.150680
4185 0.182737
4188 0.137595
4192 0.106821
4195 0.178189
4198 0.185349
4201 0.109681
4204 0.113372
4208 0.193078
4211 0.173483
4214 0.078975
4217 0.142527
4220 0.206256
4224 0.150238
4227 0.076412
4230 0.189924
4233 0.216171
4236 0.116624
4240 0.102232
4243 0.213464
4246 0.197576
4249 0.068362
4252 0.143435
4256 0.224855
4259 0.160931
4262 0.049061
4265 0.193583
4268 0.242662
4272 0.138507
4275 0.078642
4278 0.224978
4281 0.241714
4284 0.099880
4288 0.125311
4291 0.259184
4294 0.226663
4297 0.040313
4300 0.184862
4304 0.299112
4307 0.217145
4310 0.011478
4313 0.233648
4316 0.318754
4320 0.195662
4323 0.063391
4326 0.289979
4329 0.341561
4332 0.180355
4336 0.122310
4339 0.342160
4342 0.361109
4345 0.160157
4348 0.163772
4352 0.376071
4355 0.360044
4358 0.126564
4361 0.173742
4364 0.346226
4368 0.284172
4371 0.043883
4374 0.228991
4377 0.332871
4380 0.225656
4384 0.101102
4387 0.263043
4390 0.288542
4393 0.170595
4396 0.192867
4400 0.271161
4403 0.162372
4406 0.161244
4409 0.406770
4412 0.447095
4416 0.200405
4419 0.221483
4422 0.543018
4425 0.516695
4428 0.209235
4432 0.635945
4435 1.039014
4438 0.899616
4441 0.405481
4444 1.192985
4448 1.998515
4451 2.024406
4454 1.544166
4457 2.727668
4460 4.990265
4464 6.729181
4467 7.160602
4470 6.096694
4473 3.948352
4476 1.539205
4480 0.585113
4483 1.386377
4486 1.254782
4489 0.517059
4492 0.387462
4496 0.800645
4499 0.711678
4502 0.284027
4505 0.325207
4508 0.563810
4512 0.470050
4515 0.143828
4518 0.221199
4521 0.379222
4524 0.291193
4528 0.048066
4531 0.179372
4534 0.240614
4537 0.112998
4540 0.122368
4544 0.256785
4547 0.235381
4550 0.061029
4553 0.146983
4556 0.258764
4560 0.210500
4563 0.045664
4566 0.129567
4569 0.203583
4572 0.138230
4576 0.030861
4579 0.164196
4582 0.203941
4585 0.110663
4588 0.056406
4592 0.181088
4595 0.191440
4598 0.080903
4601 0.081064
4604 0.180173
4608 0.159669
4611 0.047810
4614 0.116012
4617 0.180107
4620 0.129451
4624 0.041204
4627 0.136475
4630 0.172124
4633 0.108847
4636 0.058812
4640 0.135459
4643 0.142808
4646 0.083931
4649 0.090346
4652 0.138851
4656 0.123159
4659 0.079157
4662 0.116949
4665 0.144925
4668 0.111045
4672 0.093277
4675 0.124380
4678 0.124346
4681 0.089548
4684 0.107008
4688 0.128568
4691 0.103085
4694 0.094909
4697 0.123311
4700 0.122134
4704 0.099731
4707 0.131600
4710 0.148184
4713 0.106619
4716 0.091720
4720 0.145484
4723 0.149030
4726 0.089697
4729 0.100954
4732 0.162170
4736 0.141060
4739 0.061769
4742 0.143314
4745 0.198006
4748 0.131790
4752 0.048228
4755 0.192282
4758 0.228415
4761 0.115605
4764 0.085398
4768 0.246013
4771 0.255422
4774 0.093588
4777 0.156134
4780 0.332446
4784 0.318768
4787 0.130158
4790 0.239545
4793 0.430489
4796 0.394009
4800 0.176236
4803 0.287537
4806 0.456900
4809 0.372348
4812 0.151145
4816 0.357829
4819 0.501878
4822 0.369527
4825 0.138538
4828 0.391070
4832 0.523729
4835 0.368093
4838 0.134596
4841 0.398759
4844 0.494303
4848 0.269905
4851 0.155103
4854 0.504557
4857 0.531176
4860 0.192865
4864 0.316915
4867 0.634479
4870 0.508172
4873 0.179229
4876 0.728564
4880 0.964512
4883 0.512205
4886 0.575152
4889 1.584959
4892 1.817568
4896 1.102350
4899 2.729315
4902 6.034196
4905 8.944407
4908 10.240883
4912 9.352493
4915 6.581394
4918 2.971625
4921 0.191122
4924 1.927702
4928 1.981365
4931 0.849485
4934 0.556389
4937 1.397491
4940 1.321802
4944 0.551403
4947 0.410306
4950 0.906050
4953 0.794134
4956 0.279864
4960 0.382790
4963 0.599658
4966 0.395236
4969 0.142108
4972 0.493370
4976 0.565597
4979 0.282436
4982 0.180689
4985 0.510917
4988 0.507032
4992 0.184878
4995 0.249234
4998 0.505987
5001 0.423123
5004 0.065972
5008 0.324529
5011 0.493958
5014 0.340602
5017 0.034969
5020 0.372842
5024 0.459763
5027 0.241846
5030 0.126896
5033 0.399241
5036 0.396825
5040 0.130307
5043 0.217535
5046 0.410548
5049 0.326942
5052 0.031005
5056 0.279685
5059 0.394082
5062 0.244173
5065 0.065336
5068 0.319680
5072 0.360483
5075 0.167133
5078 0.133460
5081 0.339564
5084 0.325170
5088 0.106600
5091 0.184139
5094 0.339610
5097 0.276292
5100 0.053540
5104 0.224282
5107 0.331753
5110 0.217532
5113 0.050634
5116 0.263368
5120 0.307858
5123 0.152099
5126 0.119361
5129 0.288776
5132 0.274210
5136 0.089973
5139 0.176723
5142 0.297386
5145 0.236221
5148 0.070190
5152 0.192868
5155 0.267884
5158 0.181164
5161 0.080598
5164 0.217996
5168 0.254349
5171 0.149797
5174 0.110431
5177 0.234649
5180 0.235207
5184 0.128294
5187 0.140085
5190 0.233411
5193 0.211418
5196 0.122142
5200 0.158866
5203 0.216470
5206 0.187421
5209 0.132412
5212 0.155007
5216 0.201563
5219 0.210081
5222 0.161911
5225 0.110628
5228 0.183028
5232 0.255405
5235 0.213806
5238 0.048426
5241 0.186329
5244 0.323511
5248 0.278090
5251 0.046864
5254 0.242773
5257 0.410629
5260 0.341442
5264 0.101113
5267 0.334813
5270 0.518159
5273 0.418190
5276 0.195176
5280 0.465252
5283 0.674976
5286 0.543027
5289 0.205837
5292 0.485448
5296 0.723168
5299 0.560064
5302 0.306495
5305 0.748417
5308 1.006541
5312 0.751331
5315 0.320491
5318 0.855908
5321 1.172583
5324 0.846814
5328 0.423182
5331 1.102110
5334 1.258101
5337 0.314195
5340 2.014641
5344 4.758495
5347 7.067443
5350 8.013331
5353 7.166727
5356 4.830250
5360 1.900647
5363 0.603414
5366 1.761775
5369 1.538464
5372 0.422840
5376 0.823954
5379 1.412196
5382 1.141777
5385 0.340142
5388 0.612265
5392 0.948016
5395 0.654126
5398 0.032735
5401 0.603484
5404 0.744957
5408 0.387397
5411 0.234907
5414 0.683734
5417 0.710906
5420 0.308290
5424 0.280258
5427 0.642716
5430 0.577653
5433 0.137284
5436 0.388118
5440 0.633609
5443 0.449817
5446 0.062957
5449 0.479394
5452 0.595853
5456 0.327521
5459 0.136742
5462 0.485047
5465 0.516243
5468 0.223006
5472 0.193512
5475 0.482778
5478 0.463457
5481 0.149872
5484 0.270767
5488 0.527208
5491 0.441187
5494 0.066402
5497 0.377400
5500 0.551730
5504 0.347886
5507 0.111721
5510 0.473466
5513 0.515944
5516 0.208717
5520 0.245846
5523 0.520232
5526 0.445529
5529 0.086006
5532 0.327640
5536 0.510794
5539 0.362267
5542 0.021061
5545 0.377225
5548 0.491597
5552 0.283581
5555 0.117440
5558 0.450757
5561 0.494599
5564 0.214076
5568 0.223489
5571 0.514214
5574 0.471495
5577 0.115906
5580 0.336438
5584 0.545083
5587 0.383800
5590 0.076530
5593 0.445181
5596 0.537662
5600 0.271573
5603 0.193616
5606 0.509206
5609 0.493335
5612 0.152478
5616 0.278100
5619 0.513224
5622 0.405809
5625 0.037608
5628 0.349771
5632 0.509671
5635 0.345511
5638 0.040795
5641 0.402514
5644 0.506958
5648 0.280236
5651 0.141263
5654 0.486580
5657 0.526551
5660 0.221180
5664 0.248457
5667 0.568479
5670 0.529533
5673 0.152373
5676 0.352944
5680 0.616802
5683 0.485054
5686 0.040194
5689 0.417468
5692 0.592856
5696 0.385043
5699 0.071979
5702 0.444237
5705 0.533652
5708 0.317206
5712 0.183376
5715 0.408784
5718 0.448503
5721 0.360774
5724 0.352717
5728 0.348125
5731 0.297455
5734 0.389978
5737 0.448896
5740 0.327800
5744 0.377011
5747 0.639471
5750 0.631684
5753 0.222022
5756 0.463848
5760 0.975242
5763 0.945070
5766 0.221889
5769 0.998224
5772 2.046407
5776 2.283986
5779 1.341426
5782 0.757173
5785 3.133719
5788 5.128949
5792 6.025631
5795 5.625123
5798 4.223425
5801 2.457836
5804 1.057592
5808 0.578963
5811 0.456804
5814 0.437980
5817 0.735851
5820 0.788774
5824 0.454408
5827 0.113993
5830 0.519423
5833 0.572402
5836 0.244948
5840 0.241537
5843 0.574706
5846 0.554153
5849 0.209217
5852 0.284355
5856 0.561640
5859 0.485067
5862 0.119956
5865 0.316785
5868 0.512622
5872 0.364385
5875 0.031703
5878 0.373920
5881 0.471592
5884 0.260833
5888 0.116077
5891 0.406156
5894 0.443658
5897 0.200113
5900 0.175794
5904 0.441865
5907 0.424429
5910 0.123176
5913 0.282555
5916 0.505121
5920 0.393125
5923 0.047344
5926 0.388764
5929 0.523273
5932 0.304693
5936 0.131143
5939 0.456827
5942 0.480573
5945 0.192327
5948 0.220668
5952 0.473536
5955 0.432800
5958 0.112990
5961 0.284840
5964 0.505936
5968 0.407213
5971 0.047926
5974 0.388806
5977 0.561861
5980 0.358425
5984 0.142967
5987 0.527566
5990 0.590813
5993 0.259383
5996 0.294810
6000 0.626438
6003 0.552444
6006 0.148833
6009 0.428693
6012 0.658486
6016 0.460161
6019 0.136861
6022 0.556055
6025 0.657612
6028 0.330708
6032 0.270889
6035 0.653741
6038 0.619134
6041 0.189996
6044 0.397483
6048 0.686775
6051 0.512965
6054 0.070013
6057 0.483285
6060 0.656331
6064 0.410675
6067 0.103558
6070 0.545384
6073 0.652320
6076 0.340785
6080 0.209806
6083 0.642729
6086 0.661339
6089 0.234279
6092 0.390056
6096 0.763396
6099 0.630251
6102 0.123114
6105 0.588432
6108 0.856034
6112 0.574408
6115 0.200612
6118 0.779017
6121 0.936829
6124 0.514526
6128 0.364942
6131 0.935028
6134 0.956651
6137 0.408031
6140 0.593856
6144 1.103271
6147 0.964078
6150 0.322657
6153 0.808058
6156 1.233495
6160 0.918417
6163 0.285683
6166 0.975502
6169 1.250672
6172 0.720916
6176 0.449074
6179 1.282331
6182 1.380691
6185 0.609330
6188 0.703607
6192 1.526691
6195 1.370456
6198 0.258892
6201 1.250740
6204 2.012346
6208 1.428019
6211 0.351741
6214 2.257157
6217 2.915852
6220 1.658610
6224 3.281186
6227 8.018132
6230 12.105151
6233 13.868622
6236 12.710955
6240 9.215514
6243 4.798356
6246 1.158691
6249 1.581550
6252 2.028982
6256 1.333779
6259 0.392825
6262 0.543729
6265 0.626328
6268 0.387225
6272 0.383098
6275 0.440152
6278 0.239905
6281 0.137007
6284 0.414917
6288 0.473147
6291 0.287574
6294 0.013564
6297 0.252237
6300 0.309398
6304 0.173886
6307 0.062098
6310 0.234886
6313 0.254026
6316 0.120161
6320 0.096559
6323 0.227805
6326 0.206147
6329 0.084494
6332 0.158504
6336 0.227818
6339 0.150642
6342 0.098310
6345 0.231105
6348 0.242198
6352 0.110412
6355 0.164554
6358 0.278356
6361 0.226816
6364 0.092264
6368 0.230396
6371 0.314094
6374 0.211335
6377 0.105160
6380 0.292205
6384 0.336751
6387 0.185837
6390 0.139491
6393 0.315358
6396 0.295108
6400 0.104861
6403 0.254620
6406 0.392010
6409 0.274587
6412 0.079481
6416 0.375282
6419 0.448922
6422 0.219219
6425 0.183910
6428 0.463465
6432 0.431760
6435 0.109349
6438 0.326591
6441 0.525684
6444 0.362953
6448 0.062046
6451 0.431505
6454 0.541109
6457 0.292048
6460 0.172382
6464 0.536250
6467 0.564512
6470 0.206919
6473 0.312478
6476 0.648580
6480 0.551314
6483 0.066890
6486 0.477331
6489 0.704016
6492 0.445743
6496 0.130030
6499 0.632437
6502 0.718814
6505 0.314618
6508 0.317290
6512 0.761563
6515 0.713682
6518 0.183631
6521 0.506038
6524 0.891543
6528 0.699357
6531 0.047208
6534 0.711805
6537 0.980982
6540 0.581708
6544 0.259501
6547 0.940907
6550 1.009683
6553 0.387820
6556 0.550123
6560 1.142620
6563 0.983289
6566 0.186251
6569 0.861762
6572 1.321706
6576 0.908699
6579 0.258179
6582 1.226380
6585 1.500276
6588 0.798314
6592 0.583017
6595 1.575338
6598 1.620289
6601 0.630660
6604 1.017461
6608 1.974680
6611 1.706659
6614 0.400970
6617 1.606603
6620 2.477903
6624 1.779890
6627 0.732265
6630 2.460530
6633 3.065899
6636 1.696698
6640 1.345137
6643 3.655036
6646 3.926288
6649 1.596189
6652 3.022571
6656 6.190572
6659 5.795676
6662 1.551738
6665 9.610306
6668 20.074071
6672 27.578857
6675 29.159155
6678 24.306010
6681 15.119808
6684 5.271255
6688 2.042195
6691 4.720716
6694 3.569504
6697 0.857094
6700 2.018312
6704 2.457127
6707 1.122949
6710 1.224345
6713 2.458124
6716 2.239973
6720 0.809110
6723 0.855729
6726 1.692653
6729 1.328209
6732 0.249998
6736 1.031104
6739 1.380964
6742 0.818054
6745 0.278507
6748 0.989015
6752 1.002573
6755 0.366728
6758 0.482864
6761 0.898273
6764 0.702174
6768 0.130490
6771 0.571531
6774 0.766863
6777 0.453105
6780 0.157072
6784 0.600227
6787 0.626827
6790 0.242516
6793 0.326523
6796 0.604447
6800 0.455976
6803 0.075093
6806 0.448734
6809 0.549540
6812 0.268699
6816 0.179536
6819 0.460192
6822 0.398538
6825 0.074099
6828 0.292435
6832 0.427129
6835 0.272408
6838 0.102204
6841 0.338537
6844 0.370764
6848 0.178650
6851 0.196281
6854 0.353777
6857 0.302125
6860 0.159801
6864 0.282862
6867 0.348141
6870 0.230370
6873 0.203441
6876 0.344214
6880 0.351743
6883 0.260566
6886 0.281531
6889 0.323187
6892 0.280911
6896 0.278974
6899 0.327369
6902 0.299554
6905 0.292249
6908 0.377138
6912 0.370531
6915 0.273376
6918 0.349451
6921 0.455571
6924 0.359055
6928 0.269011
6931 0.462074
6934 0.498046
6937 0.293544
6940 0.350588
6944 0.573519
6947 0.500917
6950 0.263858
6953 0.498163
6956 0.640707
6960 0.400659
6963 0.324901
6966 0.738652
6969 0.786799
6972 0.385089
6976 0.401525
6979 0.785598
6982 0.670364
6985 0.237797
6988 0.719711
6992 0.999590
6995 0.648864
6998 0.287610
7001 0.963192
7004 1.101226
7008 0.511003
7011 0.551745
7014 1.268577
7017 1.192829
7020 0.328108
7024 0.937686
7027 1.600662
7030 1.233754
7033 0.030096
7036 1.341088
7040 1.870356
7043 1.167832
7046 0.466038
7049 1.852833
7052 2.097203
7056 0.860996
7059 1.204840
7062 2.695811
7065 2.472132
7068 0.405540
7072 2.323797
7075 3.854028
7078 2.857680
7081 0.501172
7084 4.102619
7088 5.547653
7091 3.222189
7094 2.382059
7097 7.883552
7100 9.451884
7104 4.227943
7107 8.348414
7110 23.971528
7113 37.493423
7116 43.657205
7120 40.080587
7123 28.366688
7126 13.250608
7129 0.920497
7132 6.673248
7136 6.841415
7139 2.811848
7142 2.501696
7145 4.661856
7148 3.593835
7152 0.498643
7155 2.572253
7158 3.528369
7161 2.162025
7164 0.403509
7168 2.387657
7171 2.656280
7174 1.212639
7177 0.859798
7180 2.201122
7184 2.026850
7187 0.589357
7190 1.089354
7193 1.926447
7196 1.467702
7200 0.126865
7203 1.202229
7206 1.652398
7209 1.026298
7212 0.222745
7216 1.224656
7219 1.387681
7222 0.631744
7225 0.515307
7228 1.248783
7232 1.135092
7235 0.291466
7238 0.752757
7241 1.213817
7244 0.837694
7248 0.243899
7251 1.015167
7254 1.177281
7257 0.595582
7260 0.461713
7264 1.054740
7267 0.994266
7270 0.407322
7273 0.610896
7276 0.978573
7280 0.758081
7283 0.260631
7286 0.684574
7289 0.864967
7292 0.519961
7296 0.328763
7299 0.749148
7302 0.758931
7305 0.357238
7308 0.444819
7312 0.732775
7315 0.575741
7318 0.205765
7321 0.492959
7324 0.600929
7328 0.319135
7331 0.296524
7334 0.566490
7337 0.498817
7340 0.153331
7344 0.203663
7347 0.357893
7350 0.254974
7353 0.046620
7356 0.296422
7360 0.410053
7363 0.326851
7366 0.191715
7369 0.298889
7372 0.338174
7376 0.218376
7379 0.209149
7382 0.297618
7385 0.239856
7388 0.137637
7392 0.219510
7395 0.231024
7398 0.170890
7401 0.258404
7404 0.366813
7408 0.299871
7411 0.120476
7414 0.127346
7417 0.146179
7420 0.029125
7424 0.128647
7427 0.176753
7430 0.088649
7433 0.161028
7436 0.287942
7440 0.261882
7443 0.132120
7446 0.166024
7449 0.189404
7452 0.087518
7456 0.250411
7459 0.351046
7462 0.271198
7465 0.278545
7468 0.480850
7472 0.422486
7475 0.210570
7478 0.534938
7481 0.707075
7484 0.421042
7488 0.337115
7491 0.925048
7494 1.049513
7497 0.523461
7500 0.585179
7504 1.285159
7507 1.160685
7510 0.172585
7513 1.303321
7516 2.033126
7520 1.385230
7523 0.495149
7526 2.511695
7529 3.252469
7532 1.755709
7536 1.623756
7539 5.072074
7542 5.996424
7545 2.372168
7548 6.109194
7552 17.102096
7555 26.804876
7558 31.318780
7561 28.673535
7564 19.824126
7568 8.275089
7571 1.765838
7574 6.760453
7577 6.340403
7580 2.301974
7584 2.114021
7587 4.271952
7590 3.315822
7593 0.372061
7596 2.426941
7600 3.347511
7603 2.056118
7606 0.386184
7609 2.358557
7612 2.692119
7616 1.327620
7619 0.778851
7622 2.260724
7625 2.213904
7628 0.748080
7632 1.188674
7635 2.215798
7638 1.730922
7641 0.255894
7644 1.576080
7648 2.066661
7651 1.188309
7654 0.511742
7657 1.655986
7660 1.690867
7664 0.614689
7667 0.828060
7670 1.668609
7673 1.422084
7676 0.382064
7680 0.971566
7683 1.485781
7686 1.005063
7689 0.195990
7692 1.184376
7696 1.468568
7699 0.847356
7702 0.376996
7705 1.244303
7708 1.291613
7712 0.479098
7715 0.654610
7718 1.265818
7721 0.999886
7724 0.132935
7728 0.855863
7731 1.162176
7734 0.724754
7737 0.135264
7740 0.882203
7744 1.059651
7747 0.548811
7750 0.343418
7753 1.068619
7756 1.067429
7760 0.333799
7763 0.616576
7766 1.117239
7769 0.812573
7772 0.116765
7776 0.940254
7779 1.210933
7782 0.771171
7785 0.282438
7788 0.845512
7792 0.904484
7795 0.363586
7798 0.405320
7801 0.828840
7804 0.725643
7808 0.165010
7811 0.458597
7814 0.727155
7817 0.525483
7820 0.126375
7824 0.535195
7827 0.665324
7830 0.306970
7833 0.379481
7836 0.905708
7840 0.918391
7843 0.406248
7846 0.331214
7849 0.738469
7852 0.708396
7856 0.246471
7859 0.387559
7862 0.755839
7865 0.683841
7868 0.230400
7872 0.406890
7875 0.700797
7878 0.516589
7881 0.157363
7884 0.658068
7888 0.818006
7891 0.553455
7894 0.086397
7897 0.504531
7900 0.582323
7904 0.249911
7907 0.359180
7910 0.676772
7913 0.549590
7916 0.157867
7920 0.502840
7923 0.652688
7926 0.437725
7929 0.208808
7932 0.447403
7936 0.518277
7939 0.324227
7942 0.336597
7945 0.581347
7948 0.463452
7952 0.088648
7955 0.450420
7958 0.711180
7961 0.592486
7964 0.219029
7968 0.261387
7971 0.573038
7974 0.643368
7977 0.492860
7980 0.290751
7984 0.193264
7987 0.333242
7990 0.432527
7993 0.416479
7996 0.417844
