0 0.005127
86 0.005263
172 0.015568
258 0.022914
344 0.017171
430 0.009363
516 0.004863
602 0.012053
689 0.003437
775 0.004742
861 0.004155
947 0.000707
1033 0.000616
1119 0.000669
1205 0.001294
1291 0.000770
1378 0.000136
1464 0.000546
1550 0.000638
1636 0.000074
1722 0.001012
1808 0.001214
1894 0.000572
1981 0.000547
2067 0.001429
2153 0.000956
2239 0.000768
2325 0.000502
2411 0.000536
2497 0.001126
2583 0.000569
2670 0.000877
2756 0.000513
2842 0.001487
2928 0.001368
3014 0.000635
3100 0.000215
3186 0.000569
3273 0.000638
3359 0.000486
3445 0.001187
3531 0.001079
3617 0.000118
3703 0.000390
3789 0.001031
3875 0.000874
3962 0.001228
4048 0.000550
4134 0.000790
4220 0.000460
4306 0.000436
4392 0.000317
4478 0.000722
4565 0.001135
4651 0.000396
4737 0.000209
4823 0.000575
4909 0.000382
4995 0.000298
5081 0.000864
5167 0.000827
5254 0.000298
5340 0.000884
5426 0.000659
5512 0.000588
5598 0.000496
5684 0.000640
5770 0.000411
5857 0.000726
5943 0.000608
6029 0.001090
6115 0.000600
6201 0.000293
6287 0.000934
6373 0.001041
6459 0.000501
6546 0.000531
6632 0.000792
6718 0.000565
6804 0.000138
6890 0.000458
6976 0.000787
7062 0.001008
7149 0.000739
7235 0.000983
7321 0.000117
7407 0.000390
7493 0.000780
7579 0.000091
7665 0.000477
7751 0.000165
7838 0.000431
7924 0.000544
8010 0.000864
8096 0.000225
8182 0.000464
8268 0.000095
8354 0.000336
8441 0.000946
8527 0.000373
8613 0.000368
8699 0.000451
8785 0.000479
8871 0.000855
8957 0.000623
9043 0.000552
9130 0.000917
9216 0.000596
9302 0.000113
9388 0.000371
9474 0.000738
9560 0.000100
9646 0.000114
9733 0.000550
9819 0.000358
9905 0.000874
9991 0.000708
10077 0.000377
10163 0.000480
10249 0.000323
10335 0.000527
10422 0.000231
10508 0.000822
10594 0.000541
10680 0.000482
10766 0.000230
10852 0.000088
10938 0.000375
11025 0.000834
11111 0.000703
11197 0.000619
11283 0.000077
11369 0.000304
11455 0.000699
11541 0.000324
11627 0.001057
11714 0.000446
11800 0.001047
11886 0.000300
11972 0.000522
12058 0.000160
12144 0.000941
12230 0.000438
12316 0.000792
12403 0.000430
12489 0.000451
12575 0.000434
12661 0.001325
12747 0.000428
12833 0.000122
12919 0.000445
13006 0.000350
13092 0.000490
13178 0.000328
13264 0.000763
13350 0.000469
13436 0.000387
13522 0.000366
13608 0.000252
13695 0.000151
13781 0.000251
13867 0.000092
13953 0.000559
14039 0.000296
14125 0.000717
14211 0.000335
14298 0.000939
14384 0.000748
14470 0.000363
14556 0.000671
14642 0.000373
14728 0.000568
14814 0.000710
14900 0.000260
14987 0.001236
15073 0.001122
15159 0.001188
15245 0.000473
15331 0.000951
15417 0.000366
15503 0.000144
15590 0.000233
15676 0.000551
15762 0.000820
15848 0.000258
15934 0.000566
16020 0.000186
16106 0.000232
16192 0.000318
16279 0.000762
16365 0.000486
16451 0.000657
16537 0.000712
16623 0.000862
16709 0.000023
16795 0.000308
16882 0.000303
16968 0.000428
17054 0.000808
17140 0.000664
17226 0.000255
17312 0.000592
17398 0.000366
17484 0.000315
17571 0.000140
17657 0.000592
17743 0.000760
17829 0.000742
17915 0.000634
18001 0.000627
18087 0.000798
18174 0.000408
18260 0.000746
18346 0.000476
18432 0.000392
18518 0.000585
18604 0.000900
18690 0.000624
18776 0.000400
18863 0.000300
18949 0.000394
19035 0.000518
19121 0.000119
19207 0.000456
19293 0.000917
19379 0.000140
19466 0.000383
19552 0.000740
19638 0.000238
19724 0.000890
19810 0.000174
19896 0.000202
19982 0.000861
20068 0.000578
20155 0.000580
20241 0.000461
20327 0.000478
20413 0.000862
20499 0.000379
20585 0.000613
20671 0.000455
20758 0.000885
20844 0.000869
20930 0.000420
21016 0.000681
21102 0.000634
21188 0.000156
21274 0.000504
21360 0.000475
21447 0.000692
21533 0.000171
21619 0.000537
21705 0.000681
21791 0.000201
21877 0.000498
21963 0.000279
22050 0.000183
22136 0.000279
22222 0.000498
22308 0.000201
22394 0.000681
22480 0.000537
22566 0.000171
22652 0.000692
22739 0.000475
22825 0.000504
22911 0.000156
22997 0.000634
23083 0.000681
23169 0.000420
23255 0.000869
23341 0.000885
23428 0.000455
23514 0.000613
23600 0.000379
23686 0.000862
23772 0.000478
23858 0.000461
23944 0.000580
24031 0.000578
24117 0.000861
24203 0.000202
24289 0.000174
24375 0.000890
24461 0.000238
24547 0.000740
24633 0.000383
24720 0.000140
24806 0.000917
24892 0.000456
24978 0.000119
25064 0.000518
25150 0.000394
25236 0.000300
25323 0.000400
25409 0.000624
25495 0.000900
25581 0.000585
25667 0.000392
25753 0.000476
25839 0.000746
25925 0.000408
26012 0.000798
26098 0.000627
26184 0.000634
26270 0.000742
26356 0.000760
26442 0.000592
26528 0.000140
26615 0.000315
26701 0.000366
26787 0.000592
26873 0.000255
26959 0.000664
27045 0.000808
27131 0.000428
27217 0.000303
27304 0.000308
27390 0.000023
27476 0.000862
27562 0.000712
27648 0.000657
27734 0.000486
27820 0.000762
27907 0.000318
27993 0.000232
28079 0.000186
28165 0.000566
28251 0.000258
28337 0.000820
28423 0.000551
28509 0.000233
28596 0.000144
28682 0.000366
28768 0.000951
28854 0.000473
28940 0.001188
29026 0.001122
29112 0.001236
29199 0.000260
29285 0.000710
29371 0.000568
29457 0.000373
29543 0.000671
29629 0.000363
29715 0.000748
29801 0.000939
29888 0.000335
29974 0.000717
30060 0.000296
30146 0.000559
30232 0.000092
30318 0.000251
30404 0.000151
30491 0.000252
30577 0.000366
30663 0.000387
30749 0.000469
30835 0.000763
30921 0.000328
31007 0.000490
31093 0.000350
31180 0.000445
31266 0.000122
31352 0.000428
31438 0.001325
31524 0.000434
31610 0.000451
31696 0.000430
31783 0.000792
31869 0.000438
31955 0.000941
32041 0.000160
32127 0.000522
32213 0.000300
32299 0.001047
32385 0.000446
32472 0.001057
32558 0.000324
32644 0.000699
32730 0.000304
32816 0.000077
32902 0.000619
32988 0.000703
33075 0.000834
33161 0.000375
33247 0.000088
33333 0.000230
33419 0.000482
33505 0.000541
33591 0.000822
33677 0.000231
33764 0.000527
33850 0.000323
33936 0.000480
34022 0.000377
34108 0.000708
34194 0.000874
34280 0.000358
34366 0.000550
34453 0.000114
34539 0.000100
34625 0.000738
34711 0.000371
34797 0.000113
34883 0.000596
34969 0.000917
35056 0.000552
35142 0.000623
35228 0.000855
35314 0.000479
35400 0.000451
35486 0.000368
35572 0.000373
35658 0.000946
35745 0.000336
35831 0.000095
35917 0.000464
36003 0.000225
36089 0.000864
36175 0.000544
36261 0.000431
36348 0.000165
36434 0.000477
36520 0.000091
36606 0.000780
36692 0.000390
36778 0.000117
36864 0.000983
36950 0.000739
37037 0.001008
37123 0.000787
37209 0.000458
37295 0.000138
37381 0.000565
37467 0.000792
37553 0.000531
37640 0.000501
37726 0.001041
37812 0.000934
37898 0.000293
37984 0.000600
38070 0.001090
38156 0.000608
38242 0.000726
38329 0.000411
38415 0.000640
38501 0.000496
38587 0.000588
38673 0.000659
38759 0.000884
38845 0.000298
38932 0.000827
39018 0.000864
39104 0.000298
39190 0.000382
39276 0.000575
39362 0.000209
39448 0.000396
39534 0.001135
39621 0.000722
39707 0.000317
39793 0.000436
39879 0.000460
39965 0.000790
40051 0.000550
40137 0.001228
40224 0.000874
40310 0.001031
40396 0.000390
40482 0.000118
40568 0.001079
40654 0.001187
40740 0.000486
40826 0.000638
40913 0.000569
40999 0.000215
41085 0.000635
41171 0.001368
41257 0.001487
41343 0.000513
41429 0.000877
41516 0.000569
41602 0.001126
41688 0.000536
41774 0.000502
41860 0.000768
41946 0.000956
42032 0.001429
42118 0.000547
42205 0.000572
42291 0.001214
42377 0.001012
42463 0.000074
42549 0.000638
42635 0.000546
42721 0.000136
42808 0.000770
42894 0.001294
42980 0.000669
43066 0.000616
43152 0.000707
43238 0.004155
43324 0.004742
43410 0.003437
43497 0.012053
43583 0.004863
43669 0.009363
43755 0.017171
43841 0.022914
43927 0.015568
44013 0.005263
