0 0.006993
86 0.007278
172 0.013782
258 0.023873
344 0.016157
430 0.008702
516 0.003176
602 0.008016
689 0.001267
775 0.003281
861 0.002518
947 0.002194
1033 0.001066
1119 0.000996
1205 0.000800
1291 0.000545
1378 0.000597
1464 0.000558
1550 0.000520
1636 0.000484
1722 0.000453
1808 0.000428
1894 0.000406
1981 0.000385
2067 0.000367
2153 0.000351
2239 0.000335
2325 0.000322
2411 0.000310
2497 0.000298
2583 0.000287
2670 0.000277
2756 0.000268
2842 0.000259
2928 0.000251
3014 0.000244
3100 0.000237
3186 0.000230
3273 0.000224
3359 0.000218
3445 0.000212
3531 0.000207
3617 0.000202
3703 0.000197
3789 0.000193
3875 0.000188
3962 0.000184
4048 0.000180
4134 0.000177
4220 0.000173
4306 0.000169
4392 0.000166
4478 0.000163
4565 0.000160
4651 0.000157
4737 0.000154
4823 0.000151
4909 0.000149
4995 0.000146
5081 0.000144
5167 0.000142
5254 0.000139
5340 0.000137
5426 0.000135
5512 0.000133
5598 0.000131
5684 0.000129
5770 0.000127
5857 0.000125
5943 0.000124
6029 0.000122
6115 0.000120
6201 0.000119
6287 0.000117
6373 0.000116
6459 0.000114
6546 0.000113
6632 0.000112
6718 0.000110
6804 0.000109
6890 0.000108
6976 0.000106
7062 0.000105
7149 0.000104
7235 0.000103
7321 0.000102
7407 0.000101
7493 0.000100
7579 0.000099
7665 0.000098
7751 0.000097
7838 0.000096
7924 0.000095
8010 0.000094
8096 0.000093
8182 0.000092
8268 0.000091
8354 0.000090
8441 0.000090
8527 0.000089
8613 0.000088
8699 0.000087
8785 0.000086
8871 0.000086
8957 0.000085
9043 0.000084
9130 0.000084
9216 0.000083
9302 0.000082
9388 0.000082
9474 0.000081
9560 0.000080
9646 0.000080
9733 0.000079
9819 0.000079
9905 0.000078
9991 0.000077
10077 0.000077
10163 0.000076
10249 0.000076
10335 0.000075
10422 0.000075
10508 0.000074
10594 0.000074
10680 0.000073
10766 0.000073
10852 0.000072
10938 0.000072
11025 0.000071
11111 0.000071
11197 0.000071
11283 0.000070
11369 0.000070
11455 0.000069
11541 0.000069
11627 0.000069
11714 0.000068
11800 0.000068
11886 0.000067
11972 0.000067
12058 0.000067
12144 0.000066
12230 0.000066
12316 0.000066
12403 0.000065
12489 0.000065
12575 0.000065
12661 0.000064
12747 0.000064
12833 0.000064
12919 0.000063
13006 0.000063
13092 0.000063
13178 0.000063
13264 0.000062
13350 0.000062
13436 0.000062
13522 0.000062
13608 0.000061
13695 0.000061
13781 0.000061
13867 0.000061
13953 0.000060
14039 0.000060
14125 0.000060
14211 0.000060
14298 0.000059
14384 0.000059
14470 0.000059
14556 0.000059
14642 0.000058
14728 0.000058
14814 0.000058
14900 0.000058
14987 0.000058
15073 0.000057
15159 0.000057
15245 0.000057
15331 0.000057
15417 0.000057
15503 0.000057
15590 0.000056
15676 0.000056
15762 0.000056
15848 0.000056
15934 0.000056
16020 0.000056
16106 0.000055
16192 0.000055
16279 0.000055
16365 0.000055
16451 0.000055
16537 0.000055
16623 0.000055
16709 0.000054
16795 0.000054
16882 0.000054
16968 0.000054
17054 0.000054
17140 0.000054
17226 0.000054
17312 0.000054
17398 0.000053
17484 0.000053
17571 0.000053
17657 0.000053
17743 0.000053
17829 0.000053
17915 0.000053
18001 0.000053
18087 0.000053
18174 0.000052
18260 0.000052
18346 0.000052
18432 0.000052
18518 0.000052
18604 0.000052
18690 0.000052
18776 0.000052
18863 0.000052
18949 0.000052
19035 0.000052
19121 0.000052
19207 0.000052
19293 0.000051
19379 0.000051
19466 0.000051
19552 0.000051
19638 0.000051
19724 0.000051
19810 0.000051
19896 0.000051
19982 0.000051
20068 0.000051
20155 0.000051
20241 0.000051
20327 0.000051
20413 0.000051
20499 0.000051
20585 0.000051
20671 0.000051
20758 0.000051
20844 0.000051
20930 0.000051
21016 0.000051
21102 0.000051
21188 0.000051
21274 0.000051
21360 0.000051
21447 0.000051
21533 0.000051
21619 0.000051
21705 0.000051
21791 0.000050
21877 0.000050
21963 0.000050
22050 0.000050
22136 0.000050
22222 0.000050
22308 0.000050
22394 0.000051
22480 0.000051
22566 0.000051
22652 0.000051
22739 0.000051
22825 0.000051
22911 0.000051
22997 0.000051
23083 0.000051
23169 0.000051
23255 0.000051
23341 0.000051
23428 0.000051
23514 0.000051
23600 0.000051
23686 0.000051
23772 0.000051
23858 0.000051
23944 0.000051
24031 0.000051
24117 0.000051
24203 0.000051
24289 0.000051
24375 0.000051
24461 0.000051
24547 0.000051
24633 0.000051
24720 0.000051
24806 0.000051
24892 0.000052
24978 0.000052
25064 0.000052
25150 0.000052
25236 0.000052
25323 0.000052
25409 0.000052
25495 0.000052
25581 0.000052
25667 0.000052
25753 0.000052
25839 0.000052
25925 0.000052
26012 0.000053
26098 0.000053
26184 0.000053
26270 0.000053
26356 0.000053
26442 0.000053
26528 0.000053
26615 0.000053
26701 0.000053
26787 0.000054
26873 0.000054
26959 0.000054
27045 0.000054
27131 0.000054
27217 0.000054
27304 0.000054
27390 0.000054
27476 0.000055
27562 0.000055
27648 0.000055
27734 0.000055
27820 0.000055
27907 0.000055
27993 0.000055
28079 0.000056
28165 0.000056
28251 0.000056
28337 0.000056
28423 0.000056
28509 0.000056
28596 0.000057
28682 0.000057
28768 0.000057
28854 0.000057
28940 0.000057
29026 0.000057
29112 0.000058
29199 0.000058
29285 0.000058
29371 0.000058
29457 0.000058
29543 0.000059
29629 0.000059
29715 0.000059
29801 0.000059
29888 0.000060
29974 0.000060
30060 0.000060
30146 0.000060
30232 0.000061
30318 0.000061
30404 0.000061
30491 0.000061
30577 0.000062
30663 0.000062
30749 0.000062
30835 0.000062
30921 0.000063
31007 0.000063
31093 0.000063
31180 0.000063
31266 0.000064
31352 0.000064
31438 0.000064
31524 0.000065
31610 0.000065
31696 0.000065
31783 0.000066
31869 0.000066
31955 0.000066
32041 0.000067
32127 0.000067
32213 0.000067
32299 0.000068
32385 0.000068
32472 0.000069
32558 0.000069
32644 0.000069
32730 0.000070
32816 0.000070
32902 0.000071
32988 0.000071
33075 0.000071
33161 0.000072
33247 0.000072
33333 0.000073
33419 0.000073
33505 0.000074
33591 0.000074
33677 0.000075
33764 0.000075
33850 0.000076
33936 0.000076
34022 0.000077
34108 0.000077
34194 0.000078
34280 0.000079
34366 0.000079
34453 0.000080
34539 0.000080
34625 0.000081
34711 0.000082
34797 0.000082
34883 0.000083
34969 0.000084
35056 0.000084
35142 0.000085
35228 0.000086
35314 0.000086
35400 0.000087
35486 0.000088
35572 0.000089
35658 0.000090
35745 0.000090
35831 0.000091
35917 0.000092
36003 0.000093
36089 0.000094
36175 0.000095
36261 0.000096
36348 0.000097
36434 0.000098
36520 0.000099
36606 0.000100
36692 0.000101
36778 0.000102
36864 0.000103
36950 0.000104
37037 0.000105
37123 0.000106
37209 0.000108
37295 0.000109
37381 0.000110
37467 0.000112
37553 0.000113
37640 0.000114
37726 0.000116
37812 0.000117
37898 0.000119
37984 0.000120
38070 0.000122
38156 0.000124
38242 0.000125
38329 0.000127
38415 0.000129
38501 0.000131
38587 0.000133
38673 0.000135
38759 0.000137
38845 0.000139
38932 0.000142
39018 0.000144
39104 0.000146
39190 0.000149
39276 0.000151
39362 0.000154
39448 0.000157
39534 0.000160
39621 0.000163
39707 0.000166
39793 0.000169
39879 0.000173
39965 0.000177
40051 0.000180
40137 0.000184
40224 0.000188
40310 0.000193
40396 0.000197
40482 0.000202
40568 0.000207
40654 0.000212
40740 0.000218
40826 0.000224
40913 0.000230
40999 0.000237
41085 0.000244
41171 0.000251
41257 0.000259
41343 0.000268
41429 0.000277
41516 0.000287
41602 0.000298
41688 0.000310
41774 0.000322
41860 0.000335
41946 0.000351
42032 0.000367
42118 0.000385
42205 0.000406
42291 0.000428
42377 0.000453
42463 0.000484
42549 0.000520
42635 0.000558
42721 0.000597
42808 0.000545
42894 0.000800
42980 0.000996
43066 0.001066
43152 0.002194
43238 0.002518
43324 0.003281
43410 0.001267
43497 0.008016
43583 0.003176
43669 0.008702
43755 0.016157
43841 0.023873
43927 0.013782
44013 0.007278
