0 0.015684
3 0.008290
6 0.012831
9 0.032464
12 0.046715
16 0.042016
19 0.037349
22 0.063239
25 0.085010
28 0.099826
32 0.131775
35 0.135574
38 0.134979
41 0.150641
44 0.149125
48 0.140832
51 0.122514
54 0.120940
57 0.116813
60 0.082350
64 0.087173
67 0.091330
70 0.098477
73 0.113501
76 0.131882
80 0.162125
83 0.150328
86 0.156730
89 0.162330
92 0.158640
96 0.154103
99 0.139907
102 0.145138
105 0.172174
108 0.180163
112 0.178177
115 0.184135
118 0.197580
121 0.189080
124 0.168918
128 0.171007
131 0.171628
134 0.173225
137 0.174453
140 0.174826
144 0.176305
147 0.181370
150 0.177634
153 0.206105
156 0.230364
160 0.252793
163 0.264472
166 0.251219
169 0.223379
172 0.195170
176 0.167006
179 0.161351
182 0.181049
185 0.176988
188 0.190396
192 0.204115
195 0.232284
198 0.237537
201 0.261730
204 0.281425
208 0.297727
211 0.324729
214 0.352711
217 0.369860
220 0.372390
224 0.368077
227 0.358612
230 0.349360
233 0.346007
236 0.344673
240 0.322641
243 0.344608
246 0.355606
249 0.330740
252 0.316282
256 0.307172
259 0.296200
262 0.296633
265 0.307208
268 0.327832
272 0.352697
275 0.376415
278 0.393571
281 0.403358
284 0.413490
288 0.424979
291 0.432275
294 0.434571
297 0.448788
300 0.438716
304 0.432752
307 0.440250
310 0.440522
313 0.446245
316 0.463335
320 0.483167
323 0.496145
326 0.498925
329 0.491906
332 0.484948
336 0.493245
339 0.526913
342 0.569650
345 0.609936
348 0.636028
352 0.660198
355 0.672687
358 0.690830
361 0.708901
364 0.701311
368 0.706611
371 0.708450
374 0.706317
377 0.707932
380 0.716871
384 0.730529
387 0.747991
390 0.780164
393 0.822216
396 0.863449
400 0.917992
403 0.986551
406 1.064499
409 1.145795
412 1.261658
416 1.444510
419 1.636458
422 1.835800
425 2.146758
428 2.892459
432 4.058166
435 5.284812
438 6.178193
441 6.442325
444 6.001101
448 4.992950
451 3.739758
454 2.609771
457 1.871562
460 1.507574
464 1.278967
467 1.066202
470 0.893104
473 0.777287
476 0.679888
480 0.603964
483 0.533208
486 0.472103
489 0.418993
492 0.362867
496 0.317270
499 0.286185
502 0.257635
505 0.239070
508 0.218652
512 0.198207
515 0.172435
518 0.148797
521 0.129741
524 0.114562
528 0.099468
531 0.085688
534 0.076905
537 0.070743
540 0.056767
544 0.062470
547 0.055917
550 0.038685
553 0.034633
556 0.043566
560 0.052455
563 0.055793
566 0.052136
569 0.046445
572 0.045757
576 0.048730
579 0.052136
582 0.060114
585 0.075684
588 0.098888
592 0.118780
595 0.124913
598 0.122043
601 0.131067
604 0.118496
608 0.116179
611 0.118399
614 0.124531
617 0.131263
620 0.138640
624 0.145228
627 0.148504
630 0.150138
633 0.146814
636 0.139661
640 0.127125
643 0.117062
646 0.109511
649 0.104287
652 0.106208
656 0.119713
659 0.134354
662 0.172986
665 0.201765
668 0.220019
672 0.230395
675 0.239066
678 0.246005
681 0.257663
684 0.268114
688 0.279114
691 0.286317
694 0.294915
697 0.299534
700 0.301078
704 0.308510
707 0.311563
710 0.315943
713 0.323163
716 0.335095
720 0.342022
723 0.348702
726 0.364012
729 0.374805
732 0.382974
736 0.389330
739 0.395468
742 0.401057
745 0.408513
748 0.412136
752 0.405119
755 0.400930
758 0.395885
761 0.394268
764 0.395830
768 0.399717
771 0.407187
774 0.412467
777 0.417334
780 0.428162
784 0.431581
787 0.443137
790 0.455989
793 0.469939
796 0.489776
800 0.506889
803 0.526990
806 0.551204
809 0.577616
812 0.604310
816 0.631407
819 0.660230
822 0.689821
825 0.717399
828 0.745803
832 0.782511
835 0.827826
838 0.869813
841 0.923195
844 0.991362
848 1.063309
851 1.111845
854 1.168277
857 1.308307
860 1.504281
864 1.754001
867 2.348892
870 3.601436
873 5.356658
876 7.150951
880 8.480240
883 8.970753
886 8.488041
889 7.211346
892 5.556678
896 4.042785
899 3.058914
902 2.570654
905 2.243295
908 1.932138
912 1.674054
915 1.500573
918 1.360919
921 1.220994
924 1.103272
928 1.007300
931 0.917402
934 0.829475
937 0.751823
940 0.686718
944 0.628573
947 0.581427
950 0.544980
953 0.516887
956 0.498618
960 0.483655
963 0.474301
966 0.458663
969 0.435337
972 0.408112
976 0.379321
979 0.353939
982 0.333579
985 0.317804
988 0.301933
992 0.284427
995 0.266091
998 0.251436
1001 0.241260
1004 0.227857
1008 0.217226
1011 0.202560
1014 0.187445
1017 0.174826
1020 0.167638
1024 0.168126
1027 0.169553
1030 0.165566
1033 0.156841
1036 0.145835
1040 0.130737
1043 0.116459
1046 0.107194
1049 0.103025
1052 0.097891
1056 0.093930
1059 0.090095
1062 0.085118
1065 0.079858
1068 0.074711
1072 0.068385
1075 0.062308
1078 0.056588
1081 0.050269
1084 0.043866
1088 0.036939
1091 0.032659
1094 0.026475
1097 0.019411
1100 0.019342
1104 0.018707
1107 0.019012
1110 0.021668
1113 0.024566
1116 0.032230
1120 0.039503
1123 0.045821
1126 0.049793
1129 0.051298
1132 0.054519
1136 0.054732
1139 0.056742
1142 0.061997
1145 0.065022
1148 0.065924
1152 0.073503
1155 0.080632
1158 0.084062
1161 0.089695
1164 0.097244
1168 0.103799
1171 0.111668
1174 0.120423
1177 0.129261
1180 0.141904
1184 0.153548
1187 0.165202
1190 0.174991
1193 0.182142
1196 0.188739
1200 0.194224
1203 0.199267
1206 0.205274
1209 0.209955
1212 0.211680
1216 0.215285
1219 0.218945
1222 0.225826
1225 0.236514
1228 0.249054
1232 0.262075
1235 0.275228
1238 0.287633
1241 0.305283
1244 0.321681
1248 0.341297
1251 0.365346
1254 0.390890
1257 0.416927
1260 0.440609
1264 0.466553
1267 0.492107
1270 0.512821
1273 0.537986
1276 0.580843
1280 0.643470
1283 0.716214
1286 0.780482
1289 0.816105
1292 0.802162
1296 0.756845
1299 0.769721
1302 0.897959
1305 1.113032
1308 1.494886
1312 2.239203
1315 3.356587
1318 4.618088
1321 5.688740
1324 6.263870
1328 6.187312
1331 5.493124
1334 4.414127
1337 3.295790
1340 2.466566
1344 2.025651
1347 1.792897
1350 1.594311
1353 1.413222
1356 1.281438
1360 1.187612
1363 1.104039
1366 1.035015
1369 0.983450
1372 0.935691
1376 0.876259
1379 0.818623
1382 0.761486
1385 0.714850
1388 0.677057
1392 0.645569
1395 0.618579
1398 0.593196
1401 0.564961
1404 0.541182
1408 0.521666
1411 0.503463
1414 0.484483
1417 0.466190
1420 0.447534
1424 0.428486
1427 0.410901
1430 0.394922
1433 0.381309
1436 0.365016
1440 0.355543
1443 0.345912
1446 0.337019
1449 0.328628
1452 0.321118
1456 0.314381
1459 0.306792
1462 0.297111
1465 0.286993
1468 0.276293
1472 0.268249
1475 0.257238
1478 0.247899
1481 0.238198
1484 0.228902
1488 0.222129
1491 0.216825
1494 0.213473
1497 0.208669
1500 0.204399
1504 0.204463
1507 0.203740
1510 0.201192
1513 0.198438
1516 0.194431
1520 0.191611
1523 0.185538
1526 0.176773
1529 0.169770
1532 0.163627
1536 0.155286
1539 0.148011
1542 0.142624
1545 0.140199
1548 0.137438
1552 0.136087
1555 0.134457
1558 0.135748
1561 0.130323
1564 0.128770
1568 0.129202
1571 0.127880
1574 0.127556
1577 0.125235
1580 0.118310
1584 0.113251
1587 0.106024
1590 0.098734
1593 0.090900
1596 0.084569
1600 0.077443
1603 0.073152
1606 0.071795
1609 0.071456
1612 0.070395
1616 0.069672
1619 0.068948
1622 0.068034
1625 0.064143
1628 0.062877
1632 0.060013
1635 0.057707
1638 0.057855
1641 0.056520
1644 0.054746
1648 0.055783
1651 0.053644
1654 0.051261
1657 0.050885
1660 0.047960
1664 0.047215
1667 0.046894
1670 0.048410
1673 0.051845
1676 0.057113
1680 0.057690
1683 0.061542
1686 0.066558
1689 0.070794
1692 0.075027
1696 0.080551
1699 0.085031
1702 0.092396
1705 0.105747
1708 0.113287
1712 0.119632
1715 0.118511
1718 0.111597
1721 0.100276
1724 0.081696
1728 0.072099
1731 0.080646
1734 0.103537
1737 0.163005
1740 0.269308
1744 0.401271
1747 0.578859
1750 0.865607
1753 1.314878
1756 1.891421
1760 2.477540
1763 2.927469
1766 3.117542
1769 2.995268
1772 2.596514
1776 2.050300
1779 1.513181
1782 1.114087
1785 0.883130
1788 0.751149
1792 0.665450
1795 0.613834
1798 0.581918
1801 0.547290
1804 0.520409
1808 0.504761
1811 0.494080
1814 0.483183
1817 0.471553
1820 0.459980
1824 0.448265
1827 0.435561
1830 0.426460
1833 0.424767
1836 0.423737
1840 0.420715
1843 0.416466
1846 0.409522
1849 0.403261
1852 0.394710
1856 0.382327
1859 0.374203
1862 0.364685
1865 0.351204
1868 0.340899
1872 0.332400
1875 0.324088
1878 0.312506
1881 0.302581
1884 0.293058
1888 0.284390
1891 0.274609
1894 0.268419
1897 0.257690
1900 0.248112
1904 0.243631
1907 0.234298
1910 0.226129
1913 0.218918
1916 0.210071
1920 0.198583
1923 0.193572
1926 0.188213
1929 0.184558
1932 0.184951
1936 0.188588
1939 0.191224
1942 0.196855
1945 0.203440
1948 0.209591
1952 0.219815
1955 0.219638
1958 0.223334
1961 0.226299
1964 0.227308
1968 0.228081
1971 0.225741
1974 0.224420
1977 0.225608
1980 0.223435
1984 0.221741
1987 0.219336
1990 0.217921
1993 0.216464
1996 0.215719
2000 0.215204
2003 0.211834
2006 0.207178
2009 0.205058
2012 0.198786
2016 0.194240
2019 0.185196
2022 0.176240
2025 0.167696
2028 0.159506
2032 0.150410
2035 0.143174
2038 0.139296
2041 0.137373
2044 0.137448
2048 0.136292
2051 0.142803
2054 0.147985
2057 0.151804
2060 0.157185
2064 0.160834
2067 0.164963
2070 0.165970
2073 0.164391
2076 0.161066
2080 0.160101
2083 0.157728
2086 0.153698
2089 0.145505
2092 0.141889
2096 0.135781
2099 0.130662
2102 0.131137
2105 0.128411
2108 0.126318
2112 0.128573
2115 0.134783
2118 0.138186
2121 0.143200
2124 0.149102
2128 0.154292
2131 0.158866
2134 0.163887
2137 0.170612
2140 0.176955
2144 0.182696
2147 0.184711
2150 0.186771
2153 0.184586
2156 0.180267
2160 0.176365
2163 0.171741
2166 0.167881
2169 0.167637
2172 0.173555
2176 0.176801
2179 0.164365
2182 0.141496
2185 0.104551
2188 0.035065
2192 0.100767
2195 0.316482
2198 0.583363
2201 0.864478
2204 1.090250
2208 1.206911
2211 1.194088
2214 1.065483
2217 0.895103
2220 0.741994
2224 0.644310
2227 0.569942
2230 0.484533
2233 0.391489
2236 0.312568
2240 0.258230
2243 0.219732
2246 0.182143
2249 0.149715
2252 0.118142
2256 0.089996
2259 0.067229
2262 0.051726
2265 0.042929
2268 0.034081
2272 0.021979
2275 0.015844
2278 0.029658
2281 0.050430
2284 0.071380
2288 0.087489
2291 0.103456
2294 0.116687
2297 0.129947
2300 0.142889
2304 0.151306
2307 0.158568
2310 0.164883
2313 0.171961
2316 0.177934
2320 0.182361
2323 0.185220
2326 0.183847
2329 0.180321
2332 0.175781
2336 0.171300
2339 0.164491
2342 0.159326
2345 0.153403
2348 0.148749
2352 0.143409
2355 0.139411
2358 0.137300
2361 0.136164
2364 0.135467
2368 0.136151
2371 0.138399
2374 0.140789
2377 0.144234
2380 0.148860
2384 0.152787
2387 0.158392
2390 0.164052
2393 0.166168
2396 0.169950
2400 0.173814
2403 0.172971
2406 0.174431
2409 0.174317
2412 0.172544
2416 0.172411
2419 0.171084
2422 0.169875
2425 0.167970
2428 0.163075
2432 0.160719
2435 0.156379
2438 0.151763
2441 0.148505
2444 0.144293
2448 0.143087
2451 0.140431
2454 0.139087
2457 0.140863
2460 0.143562
2464 0.146861
2467 0.151599
2470 0.153897
2473 0.158492
2476 0.163207
2480 0.166504
2483 0.168208
2486 0.171290
2489 0.173616
2492 0.173604
2496 0.173223
2499 0.173048
2502 0.170556
2505 0.167109
2508 0.162290
2512 0.155527
2515 0.148825
2518 0.144084
2521 0.139808
2524 0.139621
2528 0.139975
2531 0.143511
2534 0.149093
2537 0.153628
2540 0.161705
2544 0.170316
2547 0.177912
2550 0.185155
2553 0.191281
2556 0.193165
2560 0.194853
2563 0.195491
2566 0.201439
2569 0.204944
2572 0.208615
2576 0.213744
2579 0.219046
2582 0.224734
2585 0.226762
2588 0.227227
2592 0.226351
2595 0.224047
2598 0.226100
2601 0.238172
2604 0.262709
2608 0.295171
2611 0.335593
2614 0.380141
2617 0.411053
2620 0.436896
2624 0.463508
2627 0.491153
2630 0.511568
2633 0.559529
2636 0.732242
2640 1.043749
2643 1.395334
2646 1.665500
2649 1.760723
2652 1.643390
2656 1.351126
2659 0.975903
2662 0.636413
2665 0.457814
2668 0.437329
2672 0.448308
2675 0.439243
2678 0.417412
2681 0.397903
2684 0.382158
2688 0.367102
2691 0.354196
2694 0.336315
2697 0.311729
2700 0.288333
2704 0.267272
2707 0.252026
2710 0.242641
2713 0.234967
2716 0.227721
2720 0.215997
2723 0.203447
2726 0.187203
2729 0.173328
2732 0.160028
2736 0.148262
2739 0.134895
2742 0.121584
2745 0.111067
2748 0.100291
2752 0.090721
2755 0.080558
2758 0.072126
2761 0.062759
2764 0.052946
2768 0.042372
2771 0.033394
2774 0.026427
2777 0.020043
2780 0.017852
2784 0.015871
2787 0.015118
2790 0.018456
2793 0.021869
2796 0.025485
2800 0.029205
2803 0.031126
2806 0.035811
2809 0.038208
2812 0.041429
2816 0.041439
2819 0.042536
2822 0.046850
2825 0.046588
2828 0.046807
2832 0.048628
2835 0.050590
2838 0.051332
2841 0.053676
2844 0.055139
2848 0.057036
2851 0.059176
2854 0.064727
2857 0.066146
2860 0.067870
2864 0.071091
2867 0.072328
2870 0.072455
2873 0.075554
2876 0.078003
2880 0.078573
2883 0.080424
2886 0.080511
2889 0.082561
2892 0.083812
2896 0.082718
2899 0.082750
2902 0.084965
2905 0.086423
2908 0.088426
2912 0.090550
2915 0.092020
2918 0.094337
2921 0.097669
2924 0.098006
2928 0.099564
2931 0.101405
2934 0.102606
2937 0.104678
2940 0.107335
2944 0.109303
2947 0.111828
2950 0.114760
2953 0.116757
2956 0.119139
2960 0.120819
2963 0.123168
2966 0.124979
2969 0.125643
2972 0.128933
2976 0.130972
2979 0.131738
2982 0.134324
2985 0.137084
2988 0.137641
2992 0.140225
2995 0.142045
2998 0.141344
3001 0.142229
3004 0.143075
3008 0.143832
3011 0.143315
3014 0.145132
3017 0.143721
3020 0.142230
3024 0.140095
3027 0.137675
3030 0.136714
3033 0.135596
3036 0.140476
3040 0.156422
3043 0.183510
3046 0.223095
3049 0.270157
3052 0.321280
3056 0.367715
3059 0.404463
3062 0.436197
3065 0.478278
3068 0.530956
3072 0.587286
3075 0.706101
3078 0.975759
3081 1.383592
3084 1.815608
3088 2.145391
3091 2.274627
3094 2.169597
3097 1.865353
3100 1.454958
3104 1.047992
3107 0.729154
3110 0.522236
3113 0.393844
3116 0.306263
3120 0.253668
3123 0.221092
3126 0.195223
3129 0.178812
3132 0.176386
3136 0.179589
3139 0.178535
3142 0.168021
3145 0.159506
3148 0.153627
3152 0.150517
3155 0.154099
3158 0.161816
3161 0.169682
3164 0.172976
3168 0.172367
3171 0.171999
3174 0.172907
3177 0.173884
3180 0.174130
3184 0.173623
3187 0.171620
3190 0.169743
3193 0.167741
3196 0.165575
3200 0.162524
3203 0.158144
3206 0.150082
3209 0.139940
3212 0.128856
3216 0.117886
3219 0.107277
3222 0.095750
3225 0.086824
3228 0.080166
3232 0.074191
3235 0.068345
3238 0.062661
3241 0.058690
3244 0.055070
3248 0.053175
3251 0.046547
3254 0.041732
3257 0.037655
3260 0.035088
3264 0.030681
3267 0.027438
3270 0.027382
3273 0.025949
3276 0.022069
3280 0.021188
3283 0.019917
3286 0.018969
3289 0.017248
3292 0.015642
3296 0.013060
3299 0.012495
3302 0.010935
3305 0.011426
3308 0.012385
3312 0.013025
3315 0.013524
3318 0.013258
3321 0.013665
3324 0.012291
3328 0.013381
3331 0.015027
3334 0.017753
3337 0.016571
3340 0.018854
3344 0.019558
3347 0.019709
3350 0.023274
3353 0.023546
3356 0.024963
3360 0.028544
3363 0.029696
3366 0.031161
3369 0.034739
3372 0.036973
3376 0.037806
3379 0.037901
3382 0.040435
3385 0.042012
3388 0.042436
3392 0.044011
3395 0.045768
3398 0.044906
3401 0.046771
3404 0.049473
3408 0.049959
3411 0.049584
3414 0.049477
3417 0.050827
3420 0.048849
3424 0.051923
3427 0.050710
3430 0.053052
3433 0.057068
3436 0.061865
3440 0.067875
3443 0.072627
3446 0.074392
3449 0.075246
3452 0.076124
3456 0.069864
3459 0.064442
3462 0.062873
3465 0.066825
3468 0.072959
3472 0.086330
3475 0.101450
3478 0.115173
3481 0.131389
3484 0.149329
3488 0.169369
3491 0.191505
3494 0.214219
3497 0.239160
3500 0.262168
3504 0.286281
3507 0.325732
3510 0.377750
3513 0.436400
3516 0.524497
3520 0.702078
3523 0.978751
3526 1.301117
3529 1.584845
3532 1.746998
3536 1.750061
3539 1.607485
3542 1.365775
3545 1.105619
3548 0.886239
3552 0.719630
3555 0.593989
3558 0.491271
3561 0.412902
3564 0.356390
3568 0.308800
3571 0.259882
3574 0.216124
3577 0.181447
3580 0.156786
3584 0.138040
3587 0.121283
3590 0.105583
3593 0.087502
3596 0.067369
3600 0.053352
3603 0.047225
3606 0.048222
3609 0.052951
3612 0.059646
3616 0.065028
3619 0.069739
3622 0.077712
3625 0.085132
3628 0.089164
3632 0.094271
3635 0.098552
3638 0.103638
3641 0.107969
3644 0.113337
3648 0.117328
3651 0.118069
3654 0.119052
3657 0.116041
3660 0.114378
3664 0.112554
3667 0.108459
3670 0.104039
3673 0.100868
3676 0.096411
3680 0.094296
3683 0.091753
3686 0.087247
3689 0.086007
3692 0.083726
3696 0.082389
3699 0.077661
3702 0.074147
3705 0.070866
3708 0.067507
3712 0.066050
3715 0.064007
3718 0.061604
3721 0.058053
3724 0.056867
3728 0.055407
3731 0.055984
3734 0.054875
3737 0.052449
3740 0.052264
3744 0.050279
3747 0.048126
3750 0.048334
3753 0.048880
3756 0.047414
3760 0.046572
3763 0.044977
3766 0.044695
3769 0.045372
3772 0.041813
3776 0.039711
3779 0.038266
3782 0.037976
3785 0.036802
3788 0.035058
3792 0.034265
3795 0.031621
3798 0.030372
3801 0.028190
3804 0.027669
3808 0.026787
3811 0.025810
3814 0.022707
3817 0.022414
3820 0.021654
3824 0.019557
3827 0.019285
3830 0.020892
3833 0.021842
3836 0.022391
3840 0.021792
3843 0.023012
3846 0.023130
3849 0.022612
3852 0.026394
3856 0.025769
3859 0.025289
3862 0.026546
3865 0.025992
3868 0.026910
3872 0.026838
3875 0.027122
3878 0.030685
3881 0.031995
3884 0.031243
3888 0.032468
3891 0.032674
3894 0.029657
3897 0.025884
3900 0.021976
3904 0.017472
3907 0.008306
3910 0.001659
3913 0.012191
3916 0.026486
3920 0.039414
3923 0.054352
3926 0.068289
3929 0.080188
3932 0.091879
3936 0.101216
3939 0.111588
3942 0.119860
3945 0.134142
3948 0.160058
3952 0.192078
3955 0.228268
3958 0.287018
3961 0.390474
3964 0.534513
3968 0.685721
3971 0.798848
3974 0.840077
3977 0.804971
3980 0.705642
3984 0.583404
3987 0.482205
3990 0.419347
3993 0.383578
3996 0.360362
4000 0.350997
4003 0.360362
4006 0.383578
4009 0.419347
4012 0.482205
4016 0.583404
4019 0.705642
4022 0.804971
4025 0.840077
4028 0.798848
4032 0.685721
4035 0.534513
4038 0.390474
4041 0.287018
4044 0.228268
4048 0.192078
4051 0.160058
4054 0.134142
4057 0.119860
4060 0.111588
4064 0.101216
4067 0.091879
4070 0.080188
4073 0.068289
4076 0.054352
4080 0.039414
4083 0.026486
4086 0.012191
4089 0.001659
4092 0.008306
4096 0.017472
4099 0.021976
4102 0.025884
4105 0.029657
4108 0.032674
4112 0.032468
4115 0.031243
4118 0.031995
4121 0.030685
4124 0.027122
4128 0.026838
4131 0.026910
4134 0.025992
4137 0.026546
4140 0.025289
4144 0.025769
4147 0.026394
4150 0.022612
4153 0.023130
4156 0.023012
4160 0.021792
4163 0.022391
4166 0.021842
4169 0.020892
4172 0.019285
4176 0.019557
4179 0.021654
4182 0.022414
4185 0.022707
4188 0.025810
4192 0.026787
4195 0.027669
4198 0.028190
4201 0.030372
4204 0.031621
4208 0.034265
4211 0.035058
4214 0.036802
4217 0.037976
4220 0.038266
4224 0.039711
4227 0.041813
4230 0.045372
4233 0.044695
4236 0.044977
4240 0.046572
4243 0.047414
4246 0.048880
4249 0.048334
4252 0.048126
4256 0.050279
4259 0.052264
4262 0.052449
4265 0.054875
4268 0.055984
4272 0.055407
4275 0.056867
4278 0.058053
4281 0.061604
4284 0.064007
4288 0.066050
4291 0.067507
4294 0.070866
4297 0.074147
4300 0.077661
4304 0.082389
4307 0.083726
4310 0.086007
4313 0.087247
4316 0.091753
4320 0.094296
4323 0.096411
4326 0.100868
4329 0.104039
4332 0.108459
4336 0.112554
4339 0.114378
4342 0.116041
4345 0.119052
4348 0.118069
4352 0.117328
4355 0.113337
4358 0.107969
4361 0.103638
4364 0.098552
4368 0.094271
4371 0.089164
4374 0.085132
4377 0.077712
4380 0.069739
4384 0.065028
4387 0.059646
4390 0.052951
4393 0.048222
4396 0.047225
4400 0.053352
4403 0.067369
4406 0.087502
4409 0.105583
4412 0.121283
4416 0.138040
4419 0.156786
4422 0.181447
4425 0.216124
4428 0.259882
4432 0.308800
4435 0.356390
4438 0.412902
4441 0.491271
4444 0.593989
4448 0.719630
4451 0.886239
4454 1.105619
4457 1.365775
4460 1.607485
4464 1.750061
4467 1.746998
4470 1.584845
4473 1.301117
4476 0.978751
4480 0.702078
4483 0.524497
4486 0.436400
4489 0.377750
4492 0.325732
4496 0.286281
4499 0.262168
4502 0.239160
4505 0.214219
4508 0.191505
4512 0.169369
4515 0.149329
4518 0.131389
4521 0.115173
4524 0.101450
4528 0.086330
4531 0.072959
4534 0.066825
4537 0.062873
4540 0.064442
4544 0.069864
4547 0.076124
4550 0.075246
4553 0.074392
4556 0.072627
4560 0.067875
4563 0.061865
4566 0.057068
4569 0.053052
4572 0.050710
4576 0.051923
4579 0.048849
4582 0.050827
4585 0.049477
4588 0.049584
4592 0.049959
4595 0.049473
4598 0.046771
4601 0.044906
4604 0.045768
4608 0.044011
4611 0.042436
4614 0.042012
4617 0.040435
4620 0.037901
4624 0.037806
4627 0.036973
4630 0.034739
4633 0.031161
4636 0.029696
4640 0.028544
4643 0.024963
4646 0.023546
4649 0.023274
4652 0.019709
4656 0.019558
4659 0.018854
4662 0.016571
4665 0.017753
4668 0.015027
4672 0.013381
4675 0.012291
4678 0.013665
4681 0.013258
4684 0.013524
4688 0.013025
4691 0.012385
4694 0.011426
4697 0.010935
4700 0.012495
4704 0.013060
4707 0.015642
4710 0.017248
4713 0.018969
4716 0.019917
4720 0.021188
4723 0.022069
4726 0.025949
4729 0.027382
4732 0.027438
4736 0.030681
4739 0.035088
4742 0.037655
4745 0.041732
4748 0.046547
4752 0.053175
4755 0.055070
4758 0.058690
4761 0.062661
4764 0.068345
4768 0.074191
4771 0.080166
4774 0.086824
4777 0.095750
4780 0.107277
4784 0.117886
4787 0.128856
4790 0.139940
4793 0.150082
4796 0.158144
4800 0.162524
4803 0.165575
4806 0.167741
4809 0.169743
4812 0.171620
4816 0.173623
4819 0.174130
4822 0.173884
4825 0.172907
4828 0.171999
4832 0.172367
4835 0.172976
4838 0.169682
4841 0.161816
4844 0.154099
4848 0.150517
4851 0.153627
4854 0.159506
4857 0.168021
4860 0.178535
4864 0.179589
4867 0.176386
4870 0.178812
4873 0.195223
4876 0.221092
4880 0.253668
4883 0.306263
4886 0.393844
4889 0.522236
4892 0.729154
4896 1.047992
4899 1.454958
4902 1.865353
4905 2.169597
4908 2.274627
4912 2.145391
4915 1.815608
4918 1.383592
4921 0.975759
4924 0.706101
4928 0.587286
4931 0.530956
4934 0.478278
4937 0.436197
4940 0.404463
4944 0.367715
4947 0.321280
4950 0.270157
4953 0.223095
4956 0.183510
4960 0.156422
4963 0.140476
4966 0.135596
4969 0.136714
4972 0.137675
4976 0.140095
4979 0.142230
4982 0.143721
4985 0.145132
4988 0.143315
4992 0.143832
4995 0.143075
4998 0.142229
5001 0.141344
5004 0.142045
5008 0.140225
5011 0.137641
5014 0.137084
5017 0.134324
5020 0.131738
5024 0.130972
5027 0.128933
5030 0.125643
5033 0.124979
5036 0.123168
5040 0.120819
5043 0.119139
5046 0.116757
5049 0.114760
5052 0.111828
5056 0.109303
5059 0.107335
5062 0.104678
5065 0.102606
5068 0.101405
5072 0.099564
5075 0.098006
5078 0.097669
5081 0.094337
5084 0.092020
5088 0.090550
5091 0.088426
5094 0.086423
5097 0.084965
5100 0.082750
5104 0.082718
5107 0.083812
5110 0.082561
5113 0.080511
5116 0.080424
5120 0.078573
5123 0.078003
5126 0.075554
5129 0.072455
5132 0.072328
5136 0.071091
5139 0.067870
5142 0.066146
5145 0.064727
5148 0.059176
5152 0.057036
5155 0.055139
5158 0.053676
5161 0.051332
5164 0.050590
5168 0.048628
5171 0.046807
5174 0.046588
5177 0.046850
5180 0.042536
5184 0.041439
5187 0.041429
5190 0.038208
5193 0.035811
5196 0.031126
5200 0.029205
5203 0.025485
5206 0.021869
5209 0.018456
5212 0.015118
5216 0.015871
5219 0.017852
5222 0.020043
5225 0.026427
5228 0.033394
5232 0.042372
5235 0.052946
5238 0.062759
5241 0.072126
5244 0.080558
5248 0.090721
5251 0.100291
5254 0.111067
5257 0.121584
5260 0.134895
5264 0.148262
5267 0.160028
5270 0.173328
5273 0.187203
5276 0.203447
5280 0.215997
5283 0.227721
5286 0.234967
5289 0.242641
5292 0.252026
5296 0.267272
5299 0.288333
5302 0.311729
5305 0.336315
5308 0.354196
5312 0.367102
5315 0.382158
5318 0.397903
5321 0.417412
5324 0.439243
5328 0.448308
5331 0.437329
5334 0.457814
5337 0.636413
5340 0.975903
5344 1.351126
5347 1.643390
5350 1.760723
5353 1.665500
5356 1.395334
5360 1.043749
5363 0.732242
5366 0.559529
5369 0.511568
5372 0.491153
5376 0.463508
5379 0.436896
5382 0.411053
5385 0.380141
5388 0.335593
5392 0.295171
5395 0.262709
5398 0.238172
5401 0.226100
5404 0.224047
5408 0.226351
5411 0.227227
5414 0.226762
5417 0.224734
5420 0.219046
5424 0.213744
5427 0.208615
5430 0.204944
5433 0.201439
5436 0.195491
5440 0.194853
5443 0.193165
5446 0.191281
5449 0.185155
5452 0.177912
5456 0.170316
5459 0.161705
5462 0.153628
5465 0.149093
5468 0.143511
5472 0.139975
5475 0.139621
5478 0.139808
5481 0.144084
5484 0.148825
5488 0.155527
5491 0.162290
5494 0.167109
5497 0.170556
5500 0.173048
5504 0.173223
5507 0.173604
5510 0.173616
5513 0.171290
5516 0.168208
5520 0.166504
5523 0.163207
5526 0.158492
5529 0.153897
5532 0.151599
5536 0.146861
5539 0.143562
5542 0.140863
5545 0.139087
5548 0.140431
5552 0.143087
5555 0.144293
5558 0.148505
5561 0.151763
5564 0.156379
5568 0.160719
5571 0.163075
5574 0.167970
5577 0.169875
5580 0.171084
5584 0.172411
5587 0.172544
5590 0.174317
5593 0.174431
5596 0.172971
5600 0.173814
5603 0.169950
5606 0.166168
5609 0.164052
5612 0.158392
5616 0.152787
5619 0.148860
5622 0.144234
5625 0.140789
5628 0.138399
5632 0.136151
5635 0.135467
5638 0.136164
5641 0.137300
5644 0.139411
5648 0.143409
5651 0.148749
5654 0.153403
5657 0.159326
5660 0.164491
5664 0.171300
5667 0.175781
5670 0.180321
5673 0.183847
5676 0.185220
5680 0.182361
5683 0.177934
5686 0.171961
5689 0.164883
5692 0.158568
5696 0.151306
5699 0.142889
5702 0.129947
5705 0.116687
5708 0.103456
5712 0.087489
5715 0.071380
5718 0.050430
5721 0.029658
5724 0.015844
5728 0.021979
5731 0.034081
5734 0.042929
5737 0.051726
5740 0.067229
5744 0.089996
5747 0.118142
5750 0.149715
5753 0.182143
5756 0.219732
5760 0.258230
5763 0.312568
5766 0.391489
5769 0.484533
5772 0.569942
5776 0.644310
5779 0.741994
5782 0.895103
5785 1.065483
5788 1.194088
5792 1.206911
5795 1.090250
5798 0.864478
5801 0.583363
5804 0.316482
5808 0.100767
5811 0.035065
5814 0.104551
5817 0.141496
5820 0.164365
5824 0.176801
5827 0.173555
5830 0.167637
5833 0.167881
5836 0.171741
5840 0.176365
5843 0.180267
5846 0.184586
5849 0.186771
5852 0.184711
5856 0.182696
5859 0.176955
5862 0.170612
5865 0.163887
5868 0.158866
5872 0.154292
5875 0.149102
5878 0.143200
5881 0.138186
5884 0.134783
5888 0.128573
5891 0.126318
5894 0.128411
5897 0.131137
5900 0.130662
5904 0.135781
5907 0.141889
5910 0.145505
5913 0.153698
5916 0.157728
5920 0.160101
5923 0.161066
5926 0.164391
5929 0.165970
5932 0.164963
5936 0.160834
5939 0.157185
5942 0.151804
5945 0.147985
5948 0.142803
5952 0.136292
5955 0.137448
5958 0.137373
5961 0.139296
5964 0.143174
5968 0.150410
5971 0.159506
5974 0.167696
5977 0.176240
5980 0.185196
5984 0.194240
5987 0.198786
5990 0.205058
5993 0.207178
5996 0.211834
6000 0.215204
6003 0.215719
6006 0.216464
6009 0.217921
6012 0.219336
6016 0.221741
6019 0.223435
6022 0.225608
6025 0.224420
6028 0.225741
6032 0.228081
6035 0.227308
6038 0.226299
6041 0.223334
6044 0.219638
6048 0.219815
6051 0.209591
6054 0.203440
6057 0.196855
6060 0.191224
6064 0.188588
6067 0.184951
6070 0.184558
6073 0.188213
6076 0.193572
6080 0.198583
6083 0.210071
6086 0.218918
6089 0.226129
6092 0.234298
6096 0.243631
6099 0.248112
6102 0.257690
6105 0.268419
6108 0.274609
6112 0.284390
6115 0.293058
6118 0.302581
6121 0.312506
6124 0.324088
6128 0.332400
6131 0.340899
6134 0.351204
6137 0.364685
6140 0.374203
6144 0.382327
6147 0.394710
6150 0.403261
6153 0.409522
6156 0.416466
6160 0.420715
6163 0.423737
6166 0.424767
6169 0.426460
6172 0.435561
6176 0.448265
6179 0.459980
6182 0.471553
6185 0.483183
6188 0.494080
6192 0.504761
6195 0.520409
6198 0.547290
6201 0.581918
6204 0.613834
6208 0.665450
6211 0.751149
6214 0.883130
6217 1.114087
6220 1.513181
6224 2.050300
6227 2.596514
6230 2.995268
6233 3.117542
6236 2.927469
6240 2.477540
6243 1.891421
6246 1.314878
6249 0.865607
6252 0.578859
6256 0.401271
6259 0.269308
6262 0.163005
6265 0.103537
6268 0.080646
6272 0.072099
6275 0.081696
6278 0.100276
6281 0.111597
6284 0.118511
6288 0.119632
6291 0.113287
6294 0.105747
6297 0.092396
6300 0.085031
6304 0.080551
6307 0.075027
6310 0.070794
6313 0.066558
6316 0.061542
6320 0.057690
6323 0.057113
6326 0.051845
6329 0.048410
6332 0.046894
6336 0.047215
6339 0.047960
6342 0.050885
6345 0.051261
6348 0.053644
6352 0.055783
6355 0.054746
6358 0.056520
6361 0.057855
6364 0.057707
6368 0.060013
6371 0.062877
6374 0.064143
6377 0.068034
6380 0.068948
6384 0.069672
6387 0.070395
6390 0.071456
6393 0.071795
6396 0.073152
6400 0.077443
6403 0.084569
6406 0.090900
6409 0.098734
6412 0.106024
6416 0.113251
6419 0.118310
6422 0.125235
6425 0.127556
6428 0.127880
6432 0.129202
6435 0.128770
6438 0.130323
6441 0.135748
6444 0.134457
6448 0.136087
6451 0.137438
6454 0.140199
6457 0.142624
6460 0.148011
6464 0.155286
6467 0.163627
6470 0.169770
6473 0.176773
6476 0.185538
6480 0.191611
6483 0.194431
6486 0.198438
6489 0.201192
6492 0.203740
6496 0.204463
6499 0.204399
6502 0.208669
6505 0.213473
6508 0.216825
6512 0.222129
6515 0.228902
6518 0.238198
6521 0.247899
6524 0.257238
6528 0.268249
6531 0.276293
6534 0.286993
6537 0.297111
6540 0.306792
6544 0.314381
6547 0.321118
6550 0.328628
6553 0.337019
6556 0.345912
6560 0.355543
6563 0.365016
6566 0.381309
6569 0.394922
6572 0.410901
6576 0.428486
6579 0.447534
6582 0.466190
6585 0.484483
6588 0.503463
6592 0.521666
6595 0.541182
6598 0.564961
6601 0.593196
6604 0.618579
6608 0.645569
6611 0.677057
6614 0.714850
6617 0.761486
6620 0.818623
6624 0.876259
6627 0.935691
6630 0.983450
6633 1.035015
6636 1.104039
6640 1.187612
6643 1.281438
6646 1.413222
6649 1.594311
6652 1.792897
6656 2.025651
6659 2.466566
6662 3.295790
6665 4.414127
6668 5.493124
6672 6.187312
6675 6.263870
6678 5.688740
6681 4.618088
6684 3.356587
6688 2.239203
6691 1.494886
6694 1.113032
6697 0.897959
6700 0.769721
6704 0.756845
6707 0.802162
6710 0.816105
6713 0.780482
6716 0.716214
6720 0.643470
6723 0.580843
6726 0.537986
6729 0.512821
6732 0.492107
6736 0.466553
6739 0.440609
6742 0.416927
6745 0.390890
6748 0.365346
6752 0.341297
6755 0.321681
6758 0.305283
6761 0.287633
6764 0.275228
6768 0.262075
6771 0.249054
6774 0.236514
6777 0.225826
6780 0.218945
6784 0.215285
6787 0.211680
6790 0.209955
6793 0.205274
6796 0.199267
6800 0.194224
6803 0.188739
6806 0.182142
6809 0.174991
6812 0.165202
6816 0.153548
6819 0.141904
6822 0.129261
6825 0.120423
6828 0.111668
6832 0.103799
6835 0.097244
6838 0.089695
6841 0.084062
6844 0.080632
6848 0.073503
6851 0.065924
6854 0.065022
6857 0.061997
6860 0.056742
6864 0.054732
6867 0.054519
6870 0.051298
6873 0.049793
6876 0.045821
6880 0.039503
6883 0.032230
6886 0.024566
6889 0.021668
6892 0.019012
6896 0.018707
6899 0.019342
6902 0.019411
6905 0.026475
6908 0.032659
6912 0.036939
6915 0.043866
6918 0.050269
6921 0.056588
6924 0.062308
6928 0.068385
6931 0.074711
6934 0.079858
6937 0.085118
6940 0.090095
6944 0.093930
6947 0.097891
6950 0.103025
6953 0.107194
6956 0.116459
6960 0.130737
6963 0.145835
6966 0.156841
6969 0.165566
6972 0.169553
6976 0.168126
6979 0.167638
6982 0.174826
6985 0.187445
6988 0.202560
6992 0.217226
6995 0.227857
6998 0.241260
7001 0.251436
7004 0.266091
7008 0.284427
7011 0.301933
7014 0.317804
7017 0.333579
7020 0.353939
7024 0.379321
7027 0.408112
7030 0.435337
7033 0.458663
7036 0.474301
7040 0.483655
7043 0.498618
7046 0.516887
7049 0.544980
7052 0.581427
7056 0.628573
7059 0.686718
7062 0.751823
7065 0.829475
7068 0.917402
7072 1.007300
7075 1.103272
7078 1.220994
7081 1.360919
7084 1.500573
7088 1.674054
7091 1.932138
7094 2.243295
7097 2.570654
7100 3.058914
7104 4.042785
7107 5.556678
7110 7.211346
7113 8.488041
7116 8.970753
7120 8.480240
7123 7.150951
7126 5.356658
7129 3.601436
7132 2.348892
7136 1.754001
7139 1.504281
7142 1.308307
7145 1.168277
7148 1.111845
7152 1.063309
7155 0.991362
7158 0.923195
7161 0.869813
7164 0.827826
7168 0.782511
7171 0.745803
7174 0.717399
7177 0.689821
7180 0.660230
7184 0.631407
7187 0.604310
7190 0.577616
7193 0.551204
7196 0.526990
7200 0.506889
7203 0.489776
7206 0.469939
7209 0.455989
7212 0.443137
7216 0.431581
7219 0.428162
7222 0.417334
7225 0.412467
7228 0.407187
7232 0.399717
7235 0.395830
7238 0.394268
7241 0.395885
7244 0.400930
7248 0.405119
7251 0.412136
7254 0.408513
7257 0.401057
7260 0.395468
7264 0.389330
7267 0.382974
7270 0.374805
7273 0.364012
7276 0.348702
7280 0.342022
7283 0.335095
7286 0.323163
7289 0.315943
7292 0.311563
7296 0.308510
7299 0.301078
7302 0.299534
7305 0.294915
7308 0.286317
7312 0.279114
7315 0.268114
7318 0.257663
7321 0.246005
7324 0.239066
7328 0.230395
7331 0.220019
7334 0.201765
7337 0.172986
7340 0.134354
7344 0.119713
7347 0.106208
7350 0.104287
7353 0.109511
7356 0.117062
7360 0.127125
7363 0.139661
7366 0.146814
7369 0.150138
7372 0.148504
7376 0.145228
7379 0.138640
7382 0.131263
7385 0.124531
7388 0.118399
7392 0.116179
7395 0.118496
7398 0.131067
7401 0.122043
7404 0.124913
7408 0.118780
7411 0.098888
7414 0.075684
7417 0.060114
7420 0.052136
7424 0.048730
7427 0.045757
7430 0.046445
7433 0.052136
7436 0.055793
7440 0.052455
7443 0.043566
7446 0.034633
7449 0.038685
7452 0.055917
7456 0.062470
7459 0.056767
7462 0.070743
7465 0.076905
7468 0.085688
7472 0.099468
7475 0.114562
7478 0.129741
7481 0.148797
7484 0.172435
7488 0.198207
7491 0.218652
7494 0.239070
7497 0.257635
7500 0.286185
7504 0.317270
7507 0.362867
7510 0.418993
7513 0.472103
7516 0.533208
7520 0.603964
7523 0.679888
7526 0.777287
7529 0.893104
7532 1.066202
7536 1.278967
7539 1.507574
7542 1.871562
7545 2.609771
7548 3.739758
7552 4.992950
7555 6.001101
7558 6.442325
7561 6.178193
7564 5.284812
7568 4.058166
7571 2.892459
7574 2.146758
7577 1.835800
7580 1.636458
7584 1.444510
7587 1.261658
7590 1.145795
7593 1.064499
7596 0.986551
7600 0.917992
7603 0.863449
7606 0.822216
7609 0.780164
7612 0.747991
7616 0.730529
7619 0.716871
7622 0.707932
7625 0.706317
7628 0.708450
7632 0.706611
7635 0.701311
7638 0.708901
7641 0.690830
7644 0.672687
7648 0.660198
7651 0.636028
7654 0.609936
7657 0.569650
7660 0.526913
7664 0.493245
7667 0.484948
7670 0.491906
7673 0.498925
7676 0.496145
7680 0.483167
7683 0.463335
7686 0.446245
7689 0.440522
7692 0.440250
7696 0.432752
7699 0.438716
7702 0.448788
7705 0.434571
7708 0.432275
7712 0.424979
7715 0.413490
7718 0.403358
7721 0.393571
7724 0.376415
7728 0.352697
7731 0.327832
7734 0.307208
7737 0.296633
7740 0.296200
7744 0.307172
7747 0.316282
7750 0.330740
7753 0.355606
7756 0.344608
7760 0.322641
7763 0.344673
7766 0.346007
7769 0.349360
7772 0.358612
7776 0.368077
7779 0.372390
7782 0.369860
7785 0.352711
7788 0.324729
7792 0.297727
7795 0.281425
7798 0.261730
7801 0.237537
7804 0.232284
7808 0.204115
7811 0.190396
7814 0.176988
7817 0.181049
7820 0.161351
7824 0.167006
7827 0.195170
7830 0.223379
7833 0.251219
7836 0.264472
7840 0.252793
7843 0.230364
7846 0.206105
7849 0.177634
7852 0.181370
7856 0.176305
7859 0.174826
7862 0.174453
7865 0.173225
7868 0.171628
7872 0.171007
7875 0.168918
7878 0.189080
7881 0.197580
7884 0.184135
7888 0.178177
7891 0.180163
7894 0.172174
7897 0.145138
7900 0.139907
7904 0.154103
7907 0.158640
7910 0.162330
7913 0.156730
7916 0.150328
7920 0.162125
7923 0.131882
7926 0.113501
7929 0.098477
7932 0.091330
7936 0.087173
7939 0.082350
7942 0.116813
7945 0.120940
7948 0.122514
7952 0.140832
7955 0.149125
7958 0.150641
7961 0.134979
7964 0.135574
7968 0.131775
7971 0.099826
7974 0.085010
7977 0.063239
7980 0.037349
7984 0.042016
7987 0.046715
7990 0.032464
7993 0.012831
7996 0.008290
