0 0.000000
3 0.000000
6 0.000000
9 0.000000
12 0.000000
16 0.000000
19 0.000000
22 0.000000
25 0.000000
28 0.000000
32 0.000000
35 0.000000
38 0.000000
41 0.000000
44 0.000000
48 0.000000
51 0.000000
54 0.000000
57 0.000000
60 0.000000
64 0.000000
67 0.000000
70 0.000000
73 0.000000
76 0.000000
80 0.000000
83 0.000000
86 0.000000
89 0.000000
92 0.000000
96 0.000000
99 0.000000
102 0.000000
105 0.000000
108 0.000000
112 0.000000
115 0.000000
118 0.000000
121 0.000000
124 0.000000
128 0.000000
131 0.000000
134 0.000000
137 0.000000
140 0.000000
144 0.000000
147 0.000000
150 0.000000
153 0.000000
156 0.000000
160 0.000000
163 0.000000
166 0.000000
169 0.000000
172 0.000000
176 0.000000
179 0.000000
182 0.000000
185 0.000000
188 0.000000
192 0.000000
195 0.000000
198 0.000000
201 0.000000
204 0.000000
208 0.000000
211 0.000000
214 0.000000
217 0.000000
220 0.000000
224 0.000000
227 0.000000
230 0.000000
233 0.000000
236 0.000000
240 0.000000
243 0.000000
246 0.000000
249 0.000000
252 0.000000
256 0.000000
259 0.000000
262 0.000000
265 0.000000
268 0.000000
272 0.000000
275 0.000000
278 0.000000
281 0.000000
284 0.000000
288 0.000000
291 0.000000
294 0.000000
297 0.000000
300 0.000000
304 0.000000
307 0.000000
310 0.000000
313 0.000000
316 0.000000
320 0.000000
323 0.000000
326 0.000000
329 0.000000
332 0.000000
336 0.000000
339 0.000000
342 0.000000
345 0.000000
348 0.000000
352 0.000000
355 0.000000
358 0.000000
361 0.000000
364 0.000000
368 0.000000
371 0.000000
374 0.000000
377 0.000000
380 0.000000
384 0.000000
387 0.000000
390 0.000000
393 0.000000
396 0.000000
400 0.000000
403 0.000000
406 3.141593
409 -1.570796
412 0.000000
416 1.570796
419 3.141593
422 -1.570796
425 0.785398
428 2.034444
432 -2.553590
435 -1.325818
438 0.000000
441 1.405648
444 2.601173
448 -2.356194
451 -1.249046
454 0.000000
457 1.570796
460 3.141593
464 -1.570796
467 0.000000
470 0.000000
473 0.000000
476 0.000000
480 0.000000
483 0.000000
486 0.000000
489 0.000000
492 0.000000
496 0.000000
499 0.000000
502 0.000000
505 0.000000
508 0.000000
512 0.000000
515 0.000000
518 0.000000
521 0.000000
524 0.000000
528 0.000000
531 0.000000
534 0.000000
537 0.000000
540 0.000000
544 0.000000
547 0.000000
550 0.000000
553 0.000000
556 0.000000
560 0.000000
563 0.000000
566 0.000000
569 0.000000
572 0.000000
576 0.000000
579 0.000000
582 0.000000
585 0.000000
588 0.000000
592 0.000000
595 0.000000
598 0.000000
601 0.000000
604 0.000000
608 0.000000
611 0.000000
614 0.000000
617 0.000000
620 0.000000
624 0.000000
627 0.000000
630 0.000000
633 0.000000
636 0.000000
640 0.000000
643 0.000000
646 0.000000
649 0.000000
652 0.000000
656 0.000000
659 0.000000
662 0.000000
665 0.000000
668 0.000000
672 0.000000
675 0.000000
678 0.000000
681 0.000000
684 0.000000
688 0.000000
691 0.000000
694 0.000000
697 0.000000
700 0.000000
704 0.000000
707 0.000000
710 0.000000
713 0.000000
716 0.000000
720 0.000000
723 0.000000
726 0.000000
729 0.000000
732 0.000000
736 0.000000
739 0.000000
742 0.000000
745 0.000000
748 0.000000
752 0.000000
755 0.000000
758 0.000000
761 0.000000
764 0.000000
768 0.000000
771 0.000000
774 0.000000
777 0.000000
780 0.000000
784 0.000000
787 0.000000
790 0.000000
793 0.000000
796 0.000000
800 0.000000
803 0.000000
806 0.000000
809 0.000000
812 0.000000
816 0.000000
819 0.000000
822 0.000000
825 0.000000
828 0.000000
832 0.000000
835 0.000000
838 0.000000
841 0.000000
844 0.000000
848 3.141593
851 -1.570796
854 0.000000
857 1.570796
860 3.141593
864 -1.570796
867 0.785398
870 2.356194
873 -2.498092
876 -1.249046
880 0.000000
883 1.325818
886 2.622447
889 -2.466852
892 -1.107149
896 0.321751
899 2.034444
902 -2.677945
905 -0.785398
908 0.785398
912 2.356194
915 -1.570796
918 0.000000
921 1.570796
924 3.141593
928 0.000000
931 0.000000
934 0.000000
937 0.000000
940 0.000000
944 0.000000
947 0.000000
950 0.000000
953 0.000000
956 0.000000
960 0.000000
963 0.000000
966 0.000000
969 0.000000
972 0.000000
976 0.000000
979 0.000000
982 0.000000
985 0.000000
988 0.000000
992 0.000000
995 0.000000
998 0.000000
1001 0.000000
1004 0.000000
1008 0.000000
1011 0.000000
1014 0.000000
1017 0.000000
1020 0.000000
1024 0.000000
1027 0.000000
1030 0.000000
1033 0.000000
1036 0.000000
1040 0.000000
1043 0.000000
1046 0.000000
1049 0.000000
1052 0.000000
1056 0.000000
1059 0.000000
1062 0.000000
1065 0.000000
1068 0.000000
1072 0.000000
1075 0.000000
1078 0.000000
1081 0.000000
1084 0.000000
1088 0.000000
1091 0.000000
1094 0.000000
1097 0.000000
1100 0.000000
1104 0.000000
1107 0.000000
1110 0.000000
1113 0.000000
1116 0.000000
1120 0.000000
1123 0.000000
1126 0.000000
1129 0.000000
1132 0.000000
1136 0.000000
1139 0.000000
1142 0.000000
1145 0.000000
1148 0.000000
1152 0.000000
1155 0.000000
1158 0.000000
1161 0.000000
1164 0.000000
1168 0.000000
1171 0.000000
1174 0.000000
1177 0.000000
1180 0.000000
1184 0.000000
1187 0.000000
1190 0.000000
1193 0.000000
1196 0.000000
1200 0.000000
1203 0.000000
1206 0.000000
1209 0.000000
1212 0.000000
1216 0.000000
1219 0.000000
1222 0.000000
1225 0.000000
1228 0.000000
1232 0.000000
1235 0.000000
1238 0.000000
1241 0.000000
1244 0.000000
1248 0.000000
1251 0.000000
1254 0.000000
1257 0.000000
1260 0.000000
1264 0.000000
1267 0.000000
1270 0.000000
1273 0.000000
1276 0.000000
1280 0.000000
1283 0.000000
1286 0.000000
1289 0.000000
1292 0.000000
1296 0.000000
1299 0.000000
1302 0.000000
1305 0.000000
1308 1.570796
1312 2.356194
1315 -2.356194
1318 -0.982794
1321 0.380506
1324 1.570796
1328 2.976444
1331 -2.034444
1334 -0.588003
1337 0.785398
1340 2.356194
1344 -2.356194
1347 -0.785398
1350 1.570796
1353 3.141593
1356 -1.570796
1360 0.000000
1363 1.570796
1366 3.141593
1369 0.000000
1372 0.000000
1376 0.000000
1379 0.000000
1382 0.000000
1385 0.000000
1388 0.000000
1392 0.000000
1395 0.000000
1398 0.000000
1401 0.000000
1404 0.000000
1408 0.000000
1411 0.000000
1414 0.000000
1417 0.000000
1420 0.000000
1424 0.000000
1427 0.000000
1430 0.000000
1433 0.000000
1436 0.000000
1440 0.000000
1443 0.000000
1446 0.000000
1449 0.000000
1452 0.000000
1456 0.000000
1459 0.000000
1462 0.000000
1465 0.000000
1468 0.000000
1472 0.000000
1475 0.000000
1478 0.000000
1481 0.000000
1484 0.000000
1488 0.000000
1491 0.000000
1494 0.000000
1497 0.000000
1500 0.000000
1504 0.000000
1507 0.000000
1510 0.000000
1513 0.000000
1516 0.000000
1520 0.000000
1523 0.000000
1526 0.000000
1529 0.000000
1532 0.000000
1536 0.000000
1539 0.000000
1542 0.000000
1545 0.000000
1548 0.000000
1552 0.000000
1555 0.000000
1558 0.000000
1561 0.000000
1564 0.000000
1568 0.000000
1571 0.000000
1574 0.000000
1577 0.000000
1580 0.000000
1584 0.000000
1587 0.000000
1590 0.000000
1593 0.000000
1596 0.000000
1600 0.000000
1603 0.000000
1606 0.000000
1609 0.000000
1612 0.000000
1616 0.000000
1619 0.000000
1622 0.000000
1625 0.000000
1628 0.000000
1632 0.000000
1635 0.000000
1638 0.000000
1641 0.000000
1644 0.000000
1648 0.000000
1651 0.000000
1654 0.000000
1657 0.000000
1660 0.000000
1664 0.000000
1667 0.000000
1670 0.000000
1673 0.000000
1676 0.000000
1680 0.000000
1683 0.000000
1686 0.000000
1689 0.000000
1692 0.000000
1696 0.000000
1699 0.000000
1702 0.000000
1705 0.000000
1708 0.000000
1712 0.000000
1715 0.000000
1718 0.000000
1721 0.000000
1724 0.000000
1728 0.000000
1731 0.000000
1734 0.000000
1737 0.000000
1740 0.000000
1744 0.000000
1747 0.000000
1750 0.000000
1753 3.141593
1756 -2.356194
1760 -1.107149
1763 0.000000
1766 1.570796
1769 2.677945
1772 -2.356194
1776 -0.785398
1779 0.000000
1782 0.000000
1785 0.000000
1788 0.000000
1792 0.000000
1795 0.000000
1798 0.000000
1801 0.000000
1804 0.000000
1808 0.000000
1811 0.000000
1814 0.000000
1817 0.000000
1820 0.000000
1824 0.000000
1827 0.000000
1830 0.000000
1833 0.000000
1836 0.000000
1840 0.000000
1843 0.000000
1846 0.000000
1849 0.000000
1852 0.000000
1856 0.000000
1859 0.000000
1862 0.000000
1865 0.000000
1868 0.000000
1872 0.000000
1875 0.000000
1878 0.000000
1881 0.000000
1884 0.000000
1888 0.000000
1891 0.000000
1894 0.000000
1897 0.000000
1900 0.000000
1904 0.000000
1907 0.000000
1910 0.000000
1913 0.000000
1916 0.000000
1920 0.000000
1923 0.000000
1926 0.000000
1929 0.000000
1932 0.000000
1936 0.000000
1939 0.000000
1942 0.000000
1945 0.000000
1948 0.000000
1952 0.000000
1955 0.000000
1958 0.000000
1961 0.000000
1964 0.000000
1968 0.000000
1971 0.000000
1974 0.000000
1977 0.000000
1980 0.000000
1984 0.000000
1987 0.000000
1990 0.000000
1993 0.000000
1996 0.000000
2000 0.000000
2003 0.000000
2006 0.000000
2009 0.000000
2012 0.000000
2016 0.000000
2019 0.000000
2022 0.000000
2025 0.000000
2028 0.000000
2032 0.000000
2035 0.000000
2038 0.000000
2041 0.000000
2044 0.000000
2048 0.000000
2051 0.000000
2054 0.000000
2057 0.000000
2060 0.000000
2064 0.000000
2067 0.000000
2070 0.000000
2073 0.000000
2076 0.000000
2080 0.000000
2083 0.000000
2086 0.000000
2089 0.000000
2092 0.000000
2096 0.000000
2099 0.000000
2102 0.000000
2105 0.000000
2108 0.000000
2112 0.000000
2115 0.000000
2118 0.000000
2121 0.000000
2124 0.000000
2128 0.000000
2131 0.000000
2134 0.000000
2137 0.000000
2140 0.000000
2144 0.000000
2147 0.000000
2150 0.000000
2153 0.000000
2156 0.000000
2160 0.000000
2163 0.000000
2166 0.000000
2169 0.000000
2172 0.000000
2176 0.000000
2179 0.000000
2182 0.000000
2185 0.000000
2188 0.000000
2192 0.000000
2195 0.000000
2198 0.000000
2201 0.000000
2204 0.000000
2208 0.000000
2211 1.570796
2214 3.141593
2217 0.000000
2220 0.000000
2224 0.000000
2227 0.000000
2230 0.000000
2233 0.000000
2236 0.000000
2240 0.000000
2243 0.000000
2246 0.000000
2249 0.000000
2252 0.000000
2256 0.000000
2259 0.000000
2262 0.000000
2265 0.000000
2268 0.000000
2272 0.000000
2275 0.000000
2278 0.000000
2281 0.000000
2284 0.000000
2288 0.000000
2291 0.000000
2294 0.000000
2297 0.000000
2300 0.000000
2304 0.000000
2307 0.000000
2310 0.000000
2313 0.000000
2316 0.000000
2320 0.000000
2323 0.000000
2326 0.000000
2329 0.000000
2332 0.000000
2336 0.000000
2339 0.000000
2342 0.000000
2345 0.000000
2348 0.000000
2352 0.000000
2355 0.000000
2358 0.000000
2361 0.000000
2364 0.000000
2368 0.000000
2371 0.000000
2374 0.000000
2377 0.000000
2380 0.000000
2384 0.000000
2387 0.000000
2390 0.000000
2393 0.000000
2396 0.000000
2400 0.000000
2403 0.000000
2406 0.000000
2409 0.000000
2412 0.000000
2416 0.000000
2419 0.000000
2422 0.000000
2425 0.000000
2428 0.000000
2432 0.000000
2435 0.000000
2438 0.000000
2441 0.000000
2444 0.000000
2448 0.000000
2451 0.000000
2454 0.000000
2457 0.000000
2460 0.000000
2464 0.000000
2467 0.000000
2470 0.000000
2473 0.000000
2476 0.000000
2480 0.000000
2483 0.000000
2486 0.000000
2489 0.000000
2492 0.000000
2496 0.000000
2499 0.000000
2502 0.000000
2505 0.000000
2508 0.000000
2512 0.000000
2515 0.000000
2518 0.000000
2521 0.000000
2524 0.000000
2528 0.000000
2531 0.000000
2534 0.000000
2537 0.000000
2540 0.000000
2544 0.000000
2547 0.000000
2550 0.000000
2553 0.000000
2556 0.000000
2560 0.000000
2563 0.000000
2566 0.000000
2569 0.000000
2572 0.000000
2576 0.000000
2579 0.000000
2582 0.000000
2585 0.000000
2588 0.000000
2592 0.000000
2595 0.000000
2598 0.000000
2601 0.000000
2604 0.000000
2608 0.000000
2611 0.000000
2614 0.000000
2617 0.000000
2620 0.000000
2624 0.000000
2627 0.000000
2630 0.000000
2633 0.000000
2636 0.000000
2640 0.000000
2643 3.141593
2646 -1.570796
2649 0.000000
2652 1.570796
2656 0.000000
2659 0.000000
2662 0.000000
2665 0.000000
2668 0.000000
2672 0.000000
2675 0.000000
2678 0.000000
2681 0.000000
2684 0.000000
2688 0.000000
2691 0.000000
2694 0.000000
2697 0.000000
2700 0.000000
2704 0.000000
2707 0.000000
2710 0.000000
2713 0.000000
2716 0.000000
2720 0.000000
2723 0.000000
2726 0.000000
2729 0.000000
2732 0.000000
2736 0.000000
2739 0.000000
2742 0.000000
2745 0.000000
2748 0.000000
2752 0.000000
2755 0.000000
2758 0.000000
2761 0.000000
2764 0.000000
2768 0.000000
2771 0.000000
2774 0.000000
2777 0.000000
2780 0.000000
2784 0.000000
2787 0.000000
2790 0.000000
2793 0.000000
2796 0.000000
2800 0.000000
2803 0.000000
2806 0.000000
2809 0.000000
2812 0.000000
2816 0.000000
2819 0.000000
2822 0.000000
2825 0.000000
2828 0.000000
2832 0.000000
2835 0.000000
2838 0.000000
2841 0.000000
2844 0.000000
2848 0.000000
2851 0.000000
2854 0.000000
2857 0.000000
2860 0.000000
2864 0.000000
2867 0.000000
2870 0.000000
2873 0.000000
2876 0.000000
2880 0.000000
2883 0.000000
2886 0.000000
2889 0.000000
2892 0.000000
2896 0.000000
2899 0.000000
2902 0.000000
2905 0.000000
2908 0.000000
2912 0.000000
2915 0.000000
2918 0.000000
2921 0.000000
2924 0.000000
2928 0.000000
2931 0.000000
2934 0.000000
2937 0.000000
2940 0.000000
2944 0.000000
2947 0.000000
2950 0.000000
2953 0.000000
2956 0.000000
2960 0.000000
2963 0.000000
2966 0.000000
2969 0.000000
2972 0.000000
2976 0.000000
2979 0.000000
2982 0.000000
2985 0.000000
2988 0.000000
2992 0.000000
2995 0.000000
2998 0.000000
3001 0.000000
3004 0.000000
3008 0.000000
3011 0.000000
3014 0.000000
3017 0.000000
3020 0.000000
3024 0.000000
3027 0.000000
3030 0.000000
3033 0.000000
3036 0.000000
3040 0.000000
3043 0.000000
3046 0.000000
3049 0.000000
3052 0.000000
3056 0.000000
3059 0.000000
3062 0.000000
3065 0.000000
3068 0.000000
3072 0.000000
3075 0.000000
3078 0.000000
3081 1.570796
3084 3.141593
3088 -1.570796
3091 0.000000
3094 1.570796
3097 2.356194
3100 3.141593
3104 0.000000
3107 0.000000
3110 0.000000
3113 0.000000
3116 0.000000
3120 0.000000
3123 0.000000
3126 0.000000
3129 0.000000
3132 0.000000
3136 0.000000
3139 0.000000
3142 0.000000
3145 0.000000
3148 0.000000
3152 0.000000
3155 0.000000
3158 0.000000
3161 0.000000
3164 0.000000
3168 0.000000
3171 0.000000
3174 0.000000
3177 0.000000
3180 0.000000
3184 0.000000
3187 0.000000
3190 0.000000
3193 0.000000
3196 0.000000
3200 0.000000
3203 0.000000
3206 0.000000
3209 0.000000
3212 0.000000
3216 0.000000
3219 0.000000
3222 0.000000
3225 0.000000
3228 0.000000
3232 0.000000
3235 0.000000
3238 0.000000
3241 0.000000
3244 0.000000
3248 0.000000
3251 0.000000
3254 0.000000
3257 0.000000
3260 0.000000
3264 0.000000
3267 0.000000
3270 0.000000
3273 0.000000
3276 0.000000
3280 0.000000
3283 0.000000
3286 0.000000
3289 0.000000
3292 0.000000
3296 0.000000
3299 0.000000
3302 0.000000
3305 0.000000
3308 0.000000
3312 0.000000
3315 0.000000
3318 0.000000
3321 0.000000
3324 0.000000
3328 0.000000
3331 0.000000
3334 0.000000
3337 0.000000
3340 0.000000
3344 0.000000
3347 0.000000
3350 0.000000
3353 0.000000
3356 0.000000
3360 0.000000
3363 0.000000
3366 0.000000
3369 0.000000
3372 0.000000
3376 0.000000
3379 0.000000
3382 0.000000
3385 0.000000
3388 0.000000
3392 0.000000
3395 0.000000
3398 0.000000
3401 0.000000
3404 0.000000
3408 0.000000
3411 0.000000
3414 0.000000
3417 0.000000
3420 0.000000
3424 0.000000
3427 0.000000
3430 0.000000
3433 0.000000
3436 0.000000
3440 0.000000
3443 0.000000
3446 0.000000
3449 0.000000
3452 0.000000
3456 0.000000
3459 0.000000
3462 0.000000
3465 0.000000
3468 0.000000
3472 0.000000
3475 0.000000
3478 0.000000
3481 0.000000
3484 0.000000
3488 0.000000
3491 0.000000
3494 0.000000
3497 0.000000
3500 0.000000
3504 0.000000
3507 0.000000
3510 0.000000
3513 0.000000
3516 0.000000
3520 0.000000
3523 0.000000
3526 0.000000
3529 -1.570796
3532 0.000000
3536 1.570796
3539 3.141593
3542 -1.570796
3545 0.000000
3548 0.000000
3552 0.000000
3555 0.000000
3558 0.000000
3561 0.000000
3564 0.000000
3568 0.000000
3571 0.000000
3574 0.000000
3577 0.000000
3580 0.000000
3584 0.000000
3587 0.000000
3590 0.000000
3593 0.000000
3596 0.000000
3600 0.000000
3603 0.000000
3606 0.000000
3609 0.000000
3612 0.000000
3616 0.000000
3619 0.000000
3622 0.000000
3625 0.000000
3628 0.000000
3632 0.000000
3635 0.000000
3638 0.000000
3641 0.000000
3644 0.000000
3648 0.000000
3651 0.000000
3654 0.000000
3657 0.000000
3660 0.000000
3664 0.000000
3667 0.000000
3670 0.000000
3673 0.000000
3676 0.000000
3680 0.000000
3683 0.000000
3686 0.000000
3689 0.000000
3692 0.000000
3696 0.000000
3699 0.000000
3702 0.000000
3705 0.000000
3708 0.000000
3712 0.000000
3715 0.000000
3718 0.000000
3721 0.000000
3724 0.000000
3728 0.000000
3731 0.000000
3734 0.000000
3737 0.000000
3740 0.000000
3744 0.000000
3747 0.000000
3750 0.000000
3753 0.000000
3756 0.000000
3760 0.000000
3763 0.000000
3766 0.000000
3769 0.000000
3772 0.000000
3776 0.000000
3779 0.000000
3782 0.000000
3785 0.000000
3788 0.000000
3792 0.000000
3795 0.000000
3798 0.000000
3801 0.000000
3804 0.000000
3808 0.000000
3811 0.000000
3814 0.000000
3817 0.000000
3820 0.000000
3824 0.000000
3827 0.000000
3830 0.000000
3833 0.000000
3836 0.000000
3840 0.000000
3843 0.000000
3846 0.000000
3849 0.000000
3852 0.000000
3856 0.000000
3859 0.000000
3862 0.000000
3865 0.000000
3868 0.000000
3872 0.000000
3875 0.000000
3878 0.000000
3881 0.000000
3884 0.000000
3888 0.000000
3891 0.000000
3894 0.000000
3897 0.000000
3900 0.000000
3904 0.000000
3907 0.000000
3910 0.000000
3913 0.000000
3916 0.000000
3920 0.000000
3923 0.000000
3926 0.000000
3929 0.000000
3932 0.000000
3936 0.000000
3939 0.000000
3942 0.000000
3945 0.000000
3948 0.000000
3952 0.000000
3955 0.000000
3958 0.000000
3961 0.000000
3964 0.000000
3968 0.000000
3971 0.000000
3974 0.000000
3977 0.000000
3980 0.000000
3984 0.000000
3987 0.000000
3990 0.000000
3993 0.000000
3996 0.000000
4000 0.000000
4003 0.000000
4006 0.000000
4009 0.000000
4012 0.000000
4016 0.000000
4019 0.000000
4022 0.000000
4025 0.000000
4028 0.000000
4032 0.000000
4035 0.000000
4038 0.000000
4041 0.000000
4044 0.000000
4048 0.000000
4051 0.000000
4054 0.000000
4057 0.000000
4060 0.000000
4064 0.000000
4067 0.000000
4070 0.000000
4073 0.000000
4076 0.000000
4080 0.000000
4083 0.000000
4086 0.000000
4089 0.000000
4092 0.000000
4096 0.000000
4099 0.000000
4102 0.000000
4105 0.000000
4108 0.000000
4112 0.000000
4115 0.000000
4118 0.000000
4121 0.000000
4124 0.000000
4128 0.000000
4131 0.000000
4134 0.000000
4137 0.000000
4140 0.000000
4144 0.000000
4147 0.000000
4150 0.000000
4153 0.000000
4156 0.000000
4160 0.000000
4163 0.000000
4166 0.000000
4169 0.000000
4172 0.000000
4176 0.000000
4179 0.000000
4182 0.000000
4185 0.000000
4188 0.000000
4192 0.000000
4195 0.000000
4198 0.000000
4201 0.000000
4204 0.000000
4208 0.000000
4211 0.000000
4214 0.000000
4217 0.000000
4220 0.000000
4224 0.000000
4227 0.000000
4230 0.000000
4233 0.000000
4236 0.000000
4240 0.000000
4243 0.000000
4246 0.000000
4249 0.000000
4252 0.000000
4256 0.000000
4259 0.000000
4262 0.000000
4265 0.000000
4268 0.000000
4272 0.000000
4275 0.000000
4278 0.000000
4281 0.000000
4284 0.000000
4288 0.000000
4291 0.000000
4294 0.000000
4297 0.000000
4300 0.000000
4304 0.000000
4307 0.000000
4310 0.000000
4313 0.000000
4316 0.000000
4320 0.000000
4323 0.000000
4326 0.000000
4329 0.000000
4332 0.000000
4336 0.000000
4339 0.000000
4342 0.000000
4345 0.000000
4348 0.000000
4352 0.000000
4355 0.000000
4358 0.000000
4361 0.000000
4364 0.000000
4368 0.000000
4371 0.000000
4374 0.000000
4377 0.000000
4380 0.000000
4384 0.000000
4387 0.000000
4390 0.000000
4393 0.000000
4396 0.000000
4400 0.000000
4403 0.000000
4406 0.000000
4409 0.000000
4412 0.000000
4416 0.000000
4419 0.000000
4422 0.000000
4425 0.000000
4428 0.000000
4432 0.000000
4435 0.000000
4438 0.000000
4441 0.000000
4444 0.000000
4448 0.000000
4451 0.000000
4454 0.000000
4457 1.570796
4460 3.141593
4464 -1.570796
4467 0.000000
4470 1.570796
4473 0.000000
4476 0.000000
4480 0.000000
4483 0.000000
4486 0.000000
4489 0.000000
4492 0.000000
4496 0.000000
4499 0.000000
4502 0.000000
4505 0.000000
4508 0.000000
4512 0.000000
4515 0.000000
4518 0.000000
4521 0.000000
4524 0.000000
4528 0.000000
4531 0.000000
4534 0.000000
4537 0.000000
4540 0.000000
4544 0.000000
4547 0.000000
4550 0.000000
4553 0.000000
4556 0.000000
4560 0.000000
4563 0.000000
4566 0.000000
4569 0.000000
4572 0.000000
4576 0.000000
4579 0.000000
4582 0.000000
4585 0.000000
4588 0.000000
4592 0.000000
4595 0.000000
4598 0.000000
4601 0.000000
4604 0.000000
4608 0.000000
4611 0.000000
4614 0.000000
4617 0.000000
4620 0.000000
4624 0.000000
4627 0.000000
4630 0.000000
4633 0.000000
4636 0.000000
4640 0.000000
4643 0.000000
4646 0.000000
4649 0.000000
4652 0.000000
4656 0.000000
4659 0.000000
4662 0.000000
4665 0.000000
4668 0.000000
4672 0.000000
4675 0.000000
4678 0.000000
4681 0.000000
4684 0.000000
4688 0.000000
4691 0.000000
4694 0.000000
4697 0.000000
4700 0.000000
4704 0.000000
4707 0.000000
4710 0.000000
4713 0.000000
4716 0.000000
4720 0.000000
4723 0.000000
4726 0.000000
4729 0.000000
4732 0.000000
4736 0.000000
4739 0.000000
4742 0.000000
4745 0.000000
4748 0.000000
4752 0.000000
4755 0.000000
4758 0.000000
4761 0.000000
4764 0.000000
4768 0.000000
4771 0.000000
4774 0.000000
4777 0.000000
4780 0.000000
4784 0.000000
4787 0.000000
4790 0.000000
4793 0.000000
4796 0.000000
4800 0.000000
4803 0.000000
4806 0.000000
4809 0.000000
4812 0.000000
4816 0.000000
4819 0.000000
4822 0.000000
4825 0.000000
4828 0.000000
4832 0.000000
4835 0.000000
4838 0.000000
4841 0.000000
4844 0.000000
4848 0.000000
4851 0.000000
4854 0.000000
4857 0.000000
4860 0.000000
4864 0.000000
4867 0.000000
4870 0.000000
4873 0.000000
4876 0.000000
4880 0.000000
4883 0.000000
4886 0.000000
4889 0.000000
4892 0.000000
4896 0.000000
4899 3.141593
4902 -2.356194
4905 -1.570796
4908 0.000000
4912 1.570796
4915 3.141593
4918 -1.570796
4921 0.000000
4924 0.000000
4928 0.000000
4931 0.000000
4934 0.000000
4937 0.000000
4940 0.000000
4944 0.000000
4947 0.000000
4950 0.000000
4953 0.000000
4956 0.000000
4960 0.000000
4963 0.000000
4966 0.000000
4969 0.000000
4972 0.000000
4976 0.000000
4979 0.000000
4982 0.000000
4985 0.000000
4988 0.000000
4992 0.000000
4995 0.000000
4998 0.000000
5001 0.000000
5004 0.000000
5008 0.000000
5011 0.000000
5014 0.000000
5017 0.000000
5020 0.000000
5024 0.000000
5027 0.000000
5030 0.000000
5033 0.000000
5036 0.000000
5040 0.000000
5043 0.000000
5046 0.000000
5049 0.000000
5052 0.000000
5056 0.000000
5059 0.000000
5062 0.000000
5065 0.000000
5068 0.000000
5072 0.000000
5075 0.000000
5078 0.000000
5081 0.000000
5084 0.000000
5088 0.000000
5091 0.000000
5094 0.000000
5097 0.000000
5100 0.000000
5104 0.000000
5107 0.000000
5110 0.000000
5113 0.000000
5116 0.000000
5120 0.000000
5123 0.000000
5126 0.000000
5129 0.000000
5132 0.000000
5136 0.000000
5139 0.000000
5142 0.000000
5145 0.000000
5148 0.000000
5152 0.000000
5155 0.000000
5158 0.000000
5161 0.000000
5164 0.000000
5168 0.000000
5171 0.000000
5174 0.000000
5177 0.000000
5180 0.000000
5184 0.000000
5187 0.000000
5190 0.000000
5193 0.000000
5196 0.000000
5200 0.000000
5203 0.000000
5206 0.000000
5209 0.000000
5212 0.000000
5216 0.000000
5219 0.000000
5222 0.000000
5225 0.000000
5228 0.000000
5232 0.000000
5235 0.000000
5238 0.000000
5241 0.000000
5244 0.000000
5248 0.000000
5251 0.000000
5254 0.000000
5257 0.000000
5260 0.000000
5264 0.000000
5267 0.000000
5270 0.000000
5273 0.000000
5276 0.000000
5280 0.000000
5283 0.000000
5286 0.000000
5289 0.000000
5292 0.000000
5296 0.000000
5299 0.000000
5302 0.000000
5305 0.000000
5308 0.000000
5312 0.000000
5315 0.000000
5318 0.000000
5321 0.000000
5324 0.000000
5328 0.000000
5331 0.000000
5334 0.000000
5337 0.000000
5340 0.000000
5344 0.000000
5347 -1.570796
5350 0.000000
5353 1.570796
5356 3.141593
5360 0.000000
5363 0.000000
5366 0.000000
5369 0.000000
5372 0.000000
5376 0.000000
5379 0.000000
5382 0.000000
5385 0.000000
5388 0.000000
5392 0.000000
5395 0.000000
5398 0.000000
5401 0.000000
5404 0.000000
5408 0.000000
5411 0.000000
5414 0.000000
5417 0.000000
5420 0.000000
5424 0.000000
5427 0.000000
5430 0.000000
5433 0.000000
5436 0.000000
5440 0.000000
5443 0.000000
5446 0.000000
5449 0.000000
5452 0.000000
5456 0.000000
5459 0.000000
5462 0.000000
5465 0.000000
5468 0.000000
5472 0.000000
5475 0.000000
5478 0.000000
5481 0.000000
5484 0.000000
5488 0.000000
5491 0.000000
5494 0.000000
5497 0.000000
5500 0.000000
5504 0.000000
5507 0.000000
5510 0.000000
5513 0.000000
5516 0.000000
5520 0.000000
5523 0.000000
5526 0.000000
5529 0.000000
5532 0.000000
5536 0.000000
5539 0.000000
5542 0.000000
5545 0.000000
5548 0.000000
5552 0.000000
5555 0.000000
5558 0.000000
5561 0.000000
5564 0.000000
5568 0.000000
5571 0.000000
5574 0.000000
5577 0.000000
5580 0.000000
5584 0.000000
5587 0.000000
5590 0.000000
5593 0.000000
5596 0.000000
5600 0.000000
5603 0.000000
5606 0.000000
5609 0.000000
5612 0.000000
5616 0.000000
5619 0.000000
5622 0.000000
5625 0.000000
5628 0.000000
5632 0.000000
5635 0.000000
5638 0.000000
5641 0.000000
5644 0.000000
5648 0.000000
5651 0.000000
5654 0.000000
5657 0.000000
5660 0.000000
5664 0.000000
5667 0.000000
5670 0.000000
5673 0.000000
5676 0.000000
5680 0.000000
5683 0.000000
5686 0.000000
5689 0.000000
5692 0.000000
5696 0.000000
5699 0.000000
5702 0.000000
5705 0.000000
5708 0.000000
5712 0.000000
5715 0.000000
5718 0.000000
5721 0.000000
5724 0.000000
5728 0.000000
5731 0.000000
5734 0.000000
5737 0.000000
5740 0.000000
5744 0.000000
5747 0.000000
5750 0.000000
5753 0.000000
5756 0.000000
5760 0.000000
5763 0.000000
5766 0.000000
5769 0.000000
5772 0.000000
5776 0.000000
5779 0.000000
5782 0.000000
5785 3.141593
5788 -1.570796
5792 0.000000
5795 0.000000
5798 0.000000
5801 0.000000
5804 0.000000
5808 0.000000
5811 0.000000
5814 0.000000
5817 0.000000
5820 0.000000
5824 0.000000
5827 0.000000
5830 0.000000
5833 0.000000
5836 0.000000
5840 0.000000
5843 0.000000
5846 0.000000
5849 0.000000
5852 0.000000
5856 0.000000
5859 0.000000
5862 0.000000
5865 0.000000
5868 0.000000
5872 0.000000
5875 0.000000
5878 0.000000
5881 0.000000
5884 0.000000
5888 0.000000
5891 0.000000
5894 0.000000
5897 0.000000
5900 0.000000
5904 0.000000
5907 0.000000
5910 0.000000
5913 0.000000
5916 0.000000
5920 0.000000
5923 0.000000
5926 0.000000
5929 0.000000
5932 0.000000
5936 0.000000
5939 0.000000
5942 0.000000
5945 0.000000
5948 0.000000
5952 0.000000
5955 0.000000
5958 0.000000
5961 0.000000
5964 0.000000
5968 0.000000
5971 0.000000
5974 0.000000
5977 0.000000
5980 0.000000
5984 0.000000
5987 0.000000
5990 0.000000
5993 0.000000
5996 0.000000
6000 0.000000
6003 0.000000
6006 0.000000
6009 0.000000
6012 0.000000
6016 0.000000
6019 0.000000
6022 0.000000
6025 0.000000
6028 0.000000
6032 0.000000
6035 0.000000
6038 0.000000
6041 0.000000
6044 0.000000
6048 0.000000
6051 0.000000
6054 0.000000
6057 0.000000
6060 0.000000
6064 0.000000
6067 0.000000
6070 0.000000
6073 0.000000
6076 0.000000
6080 0.000000
6083 0.000000
6086 0.000000
6089 0.000000
6092 0.000000
6096 0.000000
6099 0.000000
6102 0.000000
6105 0.000000
6108 0.000000
6112 0.000000
6115 0.000000
6118 0.000000
6121 0.000000
6124 0.000000
6128 0.000000
6131 0.000000
6134 0.000000
6137 0.000000
6140 0.000000
6144 0.000000
6147 0.000000
6150 0.000000
6153 0.000000
6156 0.000000
6160 0.000000
6163 0.000000
6166 0.000000
6169 0.000000
6172 0.000000
6176 0.000000
6179 0.000000
6182 0.000000
6185 0.000000
6188 0.000000
6192 0.000000
6195 0.000000
6198 0.000000
6201 0.000000
6204 0.000000
6208 0.000000
6211 0.000000
6214 0.000000
6217 0.000000
6220 0.000000
6224 0.785398
6227 2.356194
6230 -2.677945
6233 -1.570796
6236 0.000000
6240 1.107149
6243 2.356194
6246 3.141593
6249 0.000000
6252 0.000000
6256 0.000000
6259 0.000000
6262 0.000000
6265 0.000000
6268 0.000000
6272 0.000000
6275 0.000000
6278 0.000000
6281 0.000000
6284 0.000000
6288 0.000000
6291 0.000000
6294 0.000000
6297 0.000000
6300 0.000000
6304 0.000000
6307 0.000000
6310 0.000000
6313 0.000000
6316 0.000000
6320 0.000000
6323 0.000000
6326 0.000000
6329 0.000000
6332 0.000000
6336 0.000000
6339 0.000000
6342 0.000000
6345 0.000000
6348 0.000000
6352 0.000000
6355 0.000000
6358 0.000000
6361 0.000000
6364 0.000000
6368 0.000000
6371 0.000000
6374 0.000000
6377 0.000000
6380 0.000000
6384 0.000000
6387 0.000000
6390 0.000000
6393 0.000000
6396 0.000000
6400 0.000000
6403 0.000000
6406 0.000000
6409 0.000000
6412 0.000000
6416 0.000000
6419 0.000000
6422 0.000000
6425 0.000000
6428 0.000000
6432 0.000000
6435 0.000000
6438 0.000000
6441 0.000000
6444 0.000000
6448 0.000000
6451 0.000000
6454 0.000000
6457 0.000000
6460 0.000000
6464 0.000000
6467 0.000000
6470 0.000000
6473 0.000000
6476 0.000000
6480 0.000000
6483 0.000000
6486 0.000000
6489 0.000000
6492 0.000000
6496 0.000000
6499 0.000000
6502 0.000000
6505 0.000000
6508 0.000000
6512 0.000000
6515 0.000000
6518 0.000000
6521 0.000000
6524 0.000000
6528 0.000000
6531 0.000000
6534 0.000000
6537 0.000000
6540 0.000000
6544 0.000000
6547 0.000000
6550 0.000000
6553 0.000000
6556 0.000000
6560 0.000000
6563 0.000000
6566 0.000000
6569 0.000000
6572 0.000000
6576 0.000000
6579 0.000000
6582 0.000000
6585 0.000000
6588 0.000000
6592 0.000000
6595 0.000000
6598 0.000000
6601 0.000000
6604 0.000000
6608 0.000000
6611 0.000000
6614 0.000000
6617 0.000000
6620 0.000000
6624 0.000000
6627 0.000000
6630 0.000000
6633 3.141593
6636 -1.570796
6640 0.000000
6643 1.570796
6646 3.141593
6649 -1.570796
6652 0.785398
6656 2.356194
6659 -2.356194
6662 -0.785398
6665 0.588003
6668 2.034444
6672 -2.976444
6675 -1.570796
6678 -0.380506
6681 0.982794
6684 2.356194
6688 -2.356194
6691 -1.570796
6694 0.000000
6697 0.000000
6700 0.000000
6704 0.000000
6707 0.000000
6710 0.000000
6713 0.000000
6716 0.000000
6720 0.000000
6723 0.000000
6726 0.000000
6729 0.000000
6732 0.000000
6736 0.000000
6739 0.000000
6742 0.000000
6745 0.000000
6748 0.000000
6752 0.000000
6755 0.000000
6758 0.000000
6761 0.000000
6764 0.000000
6768 0.000000
6771 0.000000
6774 0.000000
6777 0.000000
6780 0.000000
6784 0.000000
6787 0.000000
6790 0.000000
6793 0.000000
6796 0.000000
6800 0.000000
6803 0.000000
6806 0.000000
6809 0.000000
6812 0.000000
6816 0.000000
6819 0.000000
6822 0.000000
6825 0.000000
6828 0.000000
6832 0.000000
6835 0.000000
6838 0.000000
6841 0.000000
6844 0.000000
6848 0.000000
6851 0.000000
6854 0.000000
6857 0.000000
6860 0.000000
6864 0.000000
6867 0.000000
6870 0.000000
6873 0.000000
6876 0.000000
6880 0.000000
6883 0.000000
6886 0.000000
6889 0.000000
6892 0.000000
6896 0.000000
6899 0.000000
6902 0.000000
6905 0.000000
6908 0.000000
6912 0.000000
6915 0.000000
6918 0.000000
6921 0.000000
6924 0.000000
6928 0.000000
6931 0.000000
6934 0.000000
6937 0.000000
6940 0.000000
6944 0.000000
6947 0.000000
6950 0.000000
6953 0.000000
6956 0.000000
6960 0.000000
6963 0.000000
6966 0.000000
6969 0.000000
6972 0.000000
6976 0.000000
6979 0.000000
6982 0.000000
6985 0.000000
6988 0.000000
6992 0.000000
6995 0.000000
6998 0.000000
7001 0.000000
7004 0.000000
7008 0.000000
7011 0.000000
7014 0.000000
7017 0.000000
7020 0.000000
7024 0.000000
7027 0.000000
7030 0.000000
7033 0.000000
7036 0.000000
7040 0.000000
7043 0.000000
7046 0.000000
7049 0.000000
7052 0.000000
7056 0.000000
7059 0.000000
7062 0.000000
7065 0.000000
7068 0.000000
7072 0.000000
7075 3.141593
7078 -1.570796
7081 0.000000
7084 1.570796
7088 -2.356194
7091 -0.785398
7094 0.785398
7097 2.677945
7100 -2.034444
7104 -0.321751
7107 1.107149
7110 2.466852
7113 -2.622447
7116 -1.325818
7120 0.000000
7123 1.249046
7126 2.498092
7129 -2.356194
7132 -0.785398
7136 1.570796
7139 3.141593
7142 -1.570796
7145 0.000000
7148 1.570796
7152 3.141593
7155 0.000000
7158 0.000000
7161 0.000000
7164 0.000000
7168 0.000000
7171 0.000000
7174 0.000000
7177 0.000000
7180 0.000000
7184 0.000000
7187 0.000000
7190 0.000000
7193 0.000000
7196 0.000000
7200 0.000000
7203 0.000000
7206 0.000000
7209 0.000000
7212 0.000000
7216 0.000000
7219 0.000000
7222 0.000000
7225 0.000000
7228 0.000000
7232 0.000000
7235 0.000000
7238 0.000000
7241 0.000000
7244 0.000000
7248 0.000000
7251 0.000000
7254 0.000000
7257 0.000000
7260 0.000000
7264 0.000000
7267 0.000000
7270 0.000000
7273 0.000000
7276 0.000000
7280 0.000000
7283 0.000000
7286 0.000000
7289 0.000000
7292 0.000000
7296 0.000000
7299 0.000000
7302 0.000000
7305 0.000000
7308 0.000000
7312 0.000000
7315 0.000000
7318 0.000000
7321 0.000000
7324 0.000000
7328 0.000000
7331 0.000000
7334 0.000000
7337 0.000000
7340 0.000000
7344 0.000000
7347 0.000000
7350 0.000000
7353 0.000000
7356 0.000000
7360 0.000000
7363 0.000000
7366 0.000000
7369 0.000000
7372 0.000000
7376 0.000000
7379 0.000000
7382 0.000000
7385 0.000000
7388 0.000000
7392 0.000000
7395 0.000000
7398 0.000000
7401 0.000000
7404 0.000000
7408 0.000000
7411 0.000000
7414 0.000000
7417 0.000000
7420 0.000000
7424 0.000000
7427 0.000000
7430 0.000000
7433 0.000000
7436 0.000000
7440 0.000000
7443 0.000000
7446 0.000000
7449 0.000000
7452 0.000000
7456 0.000000
7459 0.000000
7462 0.000000
7465 0.000000
7468 0.000000
7472 0.000000
7475 0.000000
7478 0.000000
7481 0.000000
7484 0.000000
7488 0.000000
7491 0.000000
7494 0.000000
7497 0.000000
7500 0.000000
7504 0.000000
7507 0.000000
7510 0.000000
7513 0.000000
7516 0.000000
7520 0.000000
7523 0.000000
7526 0.000000
7529 0.000000
7532 0.000000
7536 1.570796
7539 3.141593
7542 -1.570796
7545 0.000000
7548 1.249046
7552 2.356194
7555 -2.601173
7558 -1.405648
7561 0.000000
7564 1.325818
7568 2.553590
7571 -2.034444
7574 -0.785398
7577 1.570796
7580 3.141593
7584 -1.570796
7587 0.000000
7590 1.570796
7593 3.141593
7596 0.000000
7600 0.000000
7603 0.000000
7606 0.000000
7609 0.000000
7612 0.000000
7616 0.000000
7619 0.000000
7622 0.000000
7625 0.000000
7628 0.000000
7632 0.000000
7635 0.000000
7638 0.000000
7641 0.000000
7644 0.000000
7648 0.000000
7651 0.000000
7654 0.000000
7657 0.000000
7660 0.000000
7664 0.000000
7667 0.000000
7670 0.000000
7673 0.000000
7676 0.000000
7680 0.000000
7683 0.000000
7686 0.000000
7689 0.000000
7692 0.000000
7696 0.000000
7699 0.000000
7702 0.000000
7705 0.000000
7708 0.000000
7712 0.000000
7715 0.000000
7718 0.000000
7721 0.000000
7724 0.000000
7728 0.000000
7731 0.000000
7734 0.000000
7737 0.000000
7740 0.000000
7744 0.000000
7747 0.000000
7750 0.000000
7753 0.000000
7756 0.000000
7760 0.000000
7763 0.000000
7766 0.000000
7769 0.000000
7772 0.000000
7776 0.000000
7779 0.000000
7782 0.000000
7785 0.000000
7788 0.000000
7792 0.000000
7795 0.000000
7798 0.000000
7801 0.000000
7804 0.000000
7808 0.000000
7811 0.000000
7814 0.000000
7817 0.000000
7820 0.000000
7824 0.000000
7827 0.000000
7830 0.000000
7833 0.000000
7836 0.000000
7840 0.000000
7843 0.000000
7846 0.000000
7849 0.000000
7852 0.000000
7856 0.000000
7859 0.000000
7862 0.000000
7865 0.000000
7868 0.000000
7872 0.000000
7875 0.000000
7878 0.000000
7881 0.000000
7884 0.000000
7888 0.000000
7891 0.000000
7894 0.000000
7897 0.000000
7900 0.000000
7904 0.000000
7907 0.000000
7910 0.000000
7913 0.000000
7916 0.000000
7920 0.000000
7923 0.000000
7926 0.000000
7929 0.000000
7932 0.000000
7936 0.000000
7939 0.000000
7942 0.000000
7945 0.000000
7948 0.000000
7952 0.000000
7955 0.000000
7958 0.000000
7961 0.000000
7964 0.000000
7968 0.000000
7971 0.000000
7974 0.000000
7977 0.000000
7980 0.000000
7984 0.000000
7987 0.000000
7990 0.000000
7993 0.000000
7996 0.000000
