0 0.015566
21 0.005987
43 0.008264
64 0.005465
86 0.005848
107 0.013528
129 0.026650
150 0.058117
172 0.008167
193 0.008934
215 0.029857
236 0.017692
258 0.016047
279 0.047163
301 0.084982
322 0.030766
344 0.016965
366 0.010340
387 0.006238
409 0.009897
430 0.025053
452 0.024080
473 0.007374
495 0.005478
516 0.005315
538 0.011321
559 0.015012
581 0.016531
602 0.013621
624 0.008045
645 0.012885
667 0.010614
689 0.001597
710 0.002589
732 0.017561
753 0.002429
775 0.008848
796 0.001987
818 0.001790
839 0.003137
861 0.002924
882 0.010189
904 0.002131
925 0.000194
947 0.001664
968 0.001424
990 0.002770
1012 0.000938
1033 0.001029
1055 0.000491
1076 0.000574
1098 0.000294
1119 0.000351
1141 0.001005
1162 0.000481
1184 0.000837
1205 0.000692
1227 0.000371
1248 0.000808
1270 0.000458
1291 0.000386
1313 0.000482
1335 0.000412
1356 0.000379
1378 0.000255
1399 0.000354
1421 0.000312
1442 0.000309
1464 0.000289
1485 0.000268
1507 0.000262
1528 0.000251
1550 0.000250
1571 0.000247
1593 0.000242
1614 0.000239
1636 0.000235
1658 0.000231
1679 0.000239
1701 0.000228
1722 0.000226
1744 0.000212
1765 0.000213
1787 0.000218
1808 0.000208
1830 0.000208
1851 0.000205
1873 0.000203
1894 0.000199
1916 0.000197
1937 0.000196
1959 0.000195
1981 0.000191
2002 0.000195
2024 0.000188
2045 0.000184
2067 0.000183
2088 0.000179
2110 0.000179
2131 0.000177
2153 0.000174
2174 0.000173
2196 0.000171
2217 0.000169
2239 0.000167
2260 0.000167
2282 0.000164
2304 0.000162
2325 0.000161
2347 0.000159
2368 0.000159
2390 0.000156
2411 0.000155
2433 0.000154
2454 0.000152
2476 0.000151
2497 0.000149
2519 0.000148
2540 0.000147
2562 0.000146
2583 0.000144
2605 0.000143
2627 0.000142
2648 0.000141
2670 0.000140
2691 0.000139
2713 0.000137
2734 0.000136
2756 0.000135
2777 0.000134
2799 0.000133
2820 0.000132
2842 0.000131
2863 0.000130
2885 0.000129
2906 0.000128
2928 0.000127
2950 0.000127
2971 0.000125
2993 0.000124
3014 0.000123
3036 0.000122
3057 0.000122
3079 0.000121
3100 0.000120
3122 0.000119
3143 0.000118
3165 0.000117
3186 0.000117
3208 0.000116
3229 0.000115
3251 0.000114
3273 0.000114
3294 0.000113
3316 0.000112
3337 0.000111
3359 0.000111
3380 0.000110
3402 0.000109
3423 0.000108
3445 0.000108
3466 0.000107
3488 0.000106
3509 0.000106
3531 0.000105
3552 0.000105
3574 0.000104
3596 0.000103
3617 0.000103
3639 0.000102
3660 0.000101
3682 0.000101
3703 0.000100
3725 0.000100
3746 0.000099
3768 0.000099
3789 0.000098
3811 0.000097
3832 0.000097
3854 0.000096
3875 0.000096
3897 0.000095
3919 0.000095
3940 0.000094
3962 0.000094
3983 0.000093
4005 0.000093
4026 0.000092
4048 0.000092
4069 0.000091
4091 0.000091
4112 0.000090
4134 0.000090
4155 0.000090
4177 0.000089
4198 0.000089
4220 0.000088
4242 0.000088
4263 0.000087
4285 0.000087
4306 0.000086
4328 0.000086
4349 0.000086
4371 0.000085
4392 0.000085
4414 0.000084
4435 0.000084
4457 0.000084
4478 0.000083
4500 0.000083
4521 0.000082
4543 0.000082
4565 0.000082
4586 0.000081
4608 0.000081
4629 0.000081
4651 0.000080
4672 0.000080
4694 0.000079
4715 0.000079
4737 0.000079
4758 0.000078
4780 0.000078
4801 0.000078
4823 0.000077
4844 0.000077
4866 0.000077
4888 0.000076
4909 0.000076
4931 0.000076
4952 0.000075
4974 0.000075
4995 0.000075
5017 0.000075
5038 0.000074
5060 0.000074
5081 0.000074
5103 0.000073
5124 0.000073
5146 0.000073
5167 0.000072
5189 0.000072
5211 0.000072
5232 0.000072
5254 0.000071
5275 0.000071
5297 0.000071
5318 0.000070
5340 0.000070
5361 0.000070
5383 0.000070
5404 0.000069
5426 0.000069
5447 0.000069
5469 0.000069
5490 0.000068
5512 0.000068
5534 0.000068
5555 0.000068
5577 0.000067
5598 0.000067
5620 0.000067
5641 0.000067
5663 0.000066
5684 0.000066
5706 0.000066
5727 0.000066
5749 0.000065
5770 0.000065
5792 0.000065
5813 0.000065
5835 0.000064
5857 0.000064
5878 0.000064
5900 0.000064
5921 0.000064
5943 0.000063
5964 0.000063
5986 0.000063
6007 0.000063
6029 0.000063
6050 0.000062
6072 0.000062
6093 0.000062
6115 0.000062
6136 0.000061
6158 0.000061
6180 0.000061
6201 0.000061
6223 0.000061
6244 0.000060
6266 0.000060
6287 0.000060
6309 0.000060
6330 0.000060
6352 0.000060
6373 0.000059
6395 0.000059
6416 0.000059
6438 0.000059
6459 0.000059
6481 0.000058
6503 0.000058
6524 0.000058
6546 0.000058
6567 0.000058
6589 0.000058
6610 0.000057
6632 0.000057
6653 0.000057
6675 0.000057
6696 0.000057
6718 0.000056
6739 0.000056
6761 0.000056
6782 0.000056
6804 0.000056
6826 0.000056
6847 0.000056
6869 0.000055
6890 0.000055
6912 0.000055
6933 0.000055
6955 0.000055
6976 0.000055
6998 0.000054
7019 0.000054
7041 0.000054
7062 0.000054
7084 0.000054
7105 0.000054
7127 0.000053
7149 0.000053
7170 0.000053
7192 0.000053
7213 0.000053
7235 0.000053
7256 0.000053
7278 0.000052
7299 0.000052
7321 0.000052
7342 0.000052
7364 0.000052
7385 0.000052
7407 0.000052
7428 0.000052
7450 0.000051
7472 0.000051
7493 0.000051
7515 0.000051
7536 0.000051
7558 0.000051
7579 0.000051
7601 0.000050
7622 0.000050
7644 0.000050
7665 0.000050
7687 0.000050
7708 0.000050
7730 0.000050
7751 0.000050
7773 0.000049
7795 0.000049
7816 0.000049
7838 0.000049
7859 0.000049
7881 0.000049
7902 0.000049
7924 0.000049
7945 0.000048
7967 0.000048
7988 0.000048
8010 0.000048
8031 0.000048
8053 0.000048
8074 0.000048
8096 0.000048
8118 0.000048
8139 0.000047
8161 0.000047
8182 0.000047
8204 0.000047
8225 0.000047
8247 0.000047
8268 0.000047
8290 0.000047
8311 0.000047
8333 0.000046
8354 0.000046
8376 0.000046
8397 0.000046
8419 0.000046
8441 0.000046
8462 0.000046
8484 0.000046
8505 0.000046
8527 0.000046
8548 0.000045
8570 0.000045
8591 0.000045
8613 0.000045
8634 0.000045
8656 0.000045
8677 0.000045
8699 0.000045
8720 0.000045
8742 0.000045
8764 0.000044
8785 0.000044
8807 0.000044
8828 0.000044
8850 0.000044
8871 0.000044
8893 0.000044
8914 0.000044
8936 0.000044
8957 0.000044
8979 0.000044
9000 0.000043
9022 0.000043
9043 0.000043
9065 0.000043
9087 0.000043
9108 0.000043
9130 0.000043
9151 0.000043
9173 0.000043
9194 0.000043
9216 0.000043
9237 0.000042
9259 0.000042
9280 0.000042
9302 0.000042
9323 0.000042
9345 0.000042
9366 0.000042
9388 0.000042
9410 0.000042
9431 0.000042
9453 0.000042
9474 0.000042
9496 0.000042
9517 0.000041
9539 0.000041
9560 0.000041
9582 0.000041
9603 0.000041
9625 0.000041
9646 0.000041
9668 0.000041
9689 0.000041
9711 0.000041
9733 0.000041
9754 0.000041
9776 0.000041
9797 0.000040
9819 0.000040
9840 0.000040
9862 0.000040
9883 0.000040
9905 0.000040
9926 0.000040
9948 0.000040
9969 0.000040
9991 0.000040
10012 0.000040
10034 0.000040
10056 0.000040
10077 0.000039
10099 0.000039
10120 0.000039
10142 0.000039
10163 0.000039
10185 0.000039
10206 0.000039
10228 0.000039
10249 0.000039
10271 0.000039
10292 0.000039
10314 0.000039
10335 0.000039
10357 0.000039
10379 0.000039
10400 0.000038
10422 0.000038
10443 0.000038
10465 0.000038
10486 0.000038
10508 0.000038
10529 0.000038
10551 0.000038
10572 0.000038
10594 0.000038
10615 0.000038
10637 0.000038
10658 0.000038
10680 0.000038
10702 0.000038
10723 0.000038
10745 0.000037
10766 0.000037
10788 0.000037
10809 0.000037
10831 0.000037
10852 0.000037
10874 0.000037
10895 0.000037
10917 0.000037
10938 0.000037
10960 0.000037
10981 0.000037
11003 0.000037
11025 0.000037
11046 0.000037
11068 0.000037
11089 0.000037
11111 0.000037
11132 0.000036
11154 0.000036
11175 0.000036
11197 0.000036
11218 0.000036
11240 0.000036
11261 0.000036
11283 0.000036
11304 0.000036
11326 0.000036
11347 0.000036
11369 0.000036
11391 0.000036
11412 0.000036
11434 0.000036
11455 0.000036
11477 0.000036
11498 0.000036
11520 0.000036
11541 0.000035
11563 0.000035
11584 0.000035
11606 0.000035
11627 0.000035
11649 0.000035
11670 0.000035
11692 0.000035
11714 0.000035
11735 0.000035
11757 0.000035
11778 0.000035
11800 0.000035
11821 0.000035
11843 0.000035
11864 0.000035
11886 0.000035
11907 0.000035
11929 0.000035
11950 0.000035
11972 0.000034
11993 0.000034
12015 0.000034
12037 0.000034
12058 0.000034
12080 0.000034
12101 0.000034
12123 0.000034
12144 0.000034
12166 0.000034
12187 0.000034
12209 0.000034
12230 0.000034
12252 0.000034
12273 0.000034
12295 0.000034
12316 0.000034
12338 0.000034
12360 0.000034
12381 0.000034
12403 0.000034
12424 0.000034
12446 0.000034
12467 0.000033
12489 0.000033
12510 0.000033
12532 0.000033
12553 0.000033
12575 0.000033
12596 0.000033
12618 0.000033
12639 0.000033
12661 0.000033
12683 0.000033
12704 0.000033
12726 0.000033
12747 0.000033
12769 0.000033
12790 0.000033
12812 0.000033
12833 0.000033
12855 0.000033
12876 0.000033
12898 0.000033
12919 0.000033
12941 0.000033
12962 0.000033
12984 0.000033
13006 0.000032
13027 0.000032
13049 0.000032
13070 0.000032
13092 0.000032
13113 0.000032
13135 0.000032
13156 0.000032
13178 0.000032
13199 0.000032
13221 0.000032
13242 0.000032
13264 0.000032
13285 0.000032
13307 0.000032
13329 0.000032
13350 0.000032
13372 0.000032
13393 0.000032
13415 0.000032
13436 0.000032
13458 0.000032
13479 0.000032
13501 0.000032
13522 0.000032
13544 0.000032
13565 0.000032
13587 0.000032
13608 0.000031
13630 0.000031
13652 0.000031
13673 0.000031
13695 0.000031
13716 0.000031
13738 0.000031
13759 0.000031
13781 0.000031
13802 0.000031
13824 0.000031
13845 0.000031
13867 0.000031
13888 0.000031
13910 0.000031
13931 0.000031
13953 0.000031
13975 0.000031
13996 0.000031
14018 0.000031
14039 0.000031
14061 0.000031
14082 0.000031
14104 0.000031
14125 0.000031
14147 0.000031
14168 0.000031
14190 0.000031
14211 0.000031
14233 0.000031
14254 0.000031
14276 0.000031
14298 0.000031
14319 0.000030
14341 0.000030
14362 0.000030
14384 0.000030
14405 0.000030
14427 0.000030
14448 0.000030
14470 0.000030
14491 0.000030
14513 0.000030
14534 0.000030
14556 0.000030
14577 0.000030
14599 0.000030
14621 0.000030
14642 0.000030
14664 0.000030
14685 0.000030
14707 0.000030
14728 0.000030
14750 0.000030
14771 0.000030
14793 0.000030
14814 0.000030
14836 0.000030
14857 0.000030
14879 0.000030
14900 0.000030
14922 0.000030
14944 0.000030
14965 0.000030
14987 0.000030
15008 0.000030
15030 0.000030
15051 0.000030
15073 0.000030
15094 0.000030
15116 0.000029
15137 0.000029
15159 0.000029
15180 0.000029
15202 0.000029
15223 0.000029
15245 0.000029
15267 0.000029
15288 0.000029
15310 0.000029
15331 0.000029
15353 0.000029
15374 0.000029
15396 0.000029
15417 0.000029
15439 0.000029
15460 0.000029
15482 0.000029
15503 0.000029
15525 0.000029
15546 0.000029
15568 0.000029
15590 0.000029
15611 0.000029
15633 0.000029
15654 0.000029
15676 0.000029
15697 0.000029
15719 0.000029
15740 0.000029
15762 0.000029
15783 0.000029
15805 0.000029
15826 0.000029
15848 0.000029
15869 0.000029
15891 0.000029
15913 0.000029
15934 0.000029
15956 0.000029
15977 0.000029
15999 0.000029
16020 0.000029
16042 0.000029
16063 0.000029
16085 0.000028
16106 0.000028
16128 0.000028
16149 0.000028
16171 0.000028
16192 0.000028
16214 0.000028
16236 0.000028
16257 0.000028
16279 0.000028
16300 0.000028
16322 0.000028
16343 0.000028
16365 0.000028
16386 0.000028
16408 0.000028
16429 0.000028
16451 0.000028
16472 0.000028
16494 0.000028
16515 0.000028
16537 0.000028
16559 0.000028
16580 0.000028
16602 0.000028
16623 0.000028
16645 0.000028
16666 0.000028
16688 0.000028
16709 0.000028
16731 0.000028
16752 0.000028
16774 0.000028
16795 0.000028
16817 0.000028
16838 0.000028
16860 0.000028
16882 0.000028
16903 0.000028
16925 0.000028
16946 0.000028
16968 0.000028
16989 0.000028
17011 0.000028
17032 0.000028
17054 0.000028
17075 0.000028
17097 0.000028
17118 0.000028
17140 0.000028
17161 0.000028
17183 0.000028
17205 0.000028
17226 0.000028
17248 0.000028
17269 0.000028
17291 0.000028
17312 0.000028
17334 0.000028
17355 0.000027
17377 0.000027
17398 0.000027
17420 0.000027
17441 0.000027
17463 0.000027
17484 0.000027
17506 0.000027
17528 0.000027
17549 0.000027
17571 0.000027
17592 0.000027
17614 0.000027
17635 0.000027
17657 0.000027
17678 0.000027
17700 0.000027
17721 0.000027
17743 0.000027
17764 0.000027
17786 0.000027
17807 0.000027
17829 0.000027
17851 0.000027
17872 0.000027
17894 0.000027
17915 0.000027
17937 0.000027
17958 0.000027
17980 0.000027
18001 0.000027
18023 0.000027
18044 0.000027
18066 0.000027
18087 0.000027
18109 0.000027
18130 0.000027
18152 0.000027
18174 0.000027
18195 0.000027
18217 0.000027
18238 0.000027
18260 0.000027
18281 0.000027
18303 0.000027
18324 0.000027
18346 0.000027
18367 0.000027
18389 0.000027
18410 0.000027
18432 0.000027
18453 0.000027
18475 0.000027
18497 0.000027
18518 0.000027
18540 0.000027
18561 0.000027
18583 0.000027
18604 0.000027
18626 0.000027
18647 0.000027
18669 0.000027
18690 0.000027
18712 0.000027
18733 0.000027
18755 0.000027
18776 0.000027
18798 0.000027
18820 0.000027
18841 0.000027
18863 0.000027
18884 0.000027
18906 0.000027
18927 0.000027
18949 0.000027
18970 0.000027
18992 0.000027
19013 0.000027
19035 0.000027
19056 0.000027
19078 0.000027
19099 0.000027
19121 0.000027
19143 0.000027
19164 0.000027
19186 0.000027
19207 0.000027
19229 0.000026
19250 0.000026
19272 0.000026
19293 0.000026
19315 0.000026
19336 0.000026
19358 0.000026
19379 0.000026
19401 0.000026
19422 0.000026
19444 0.000026
19466 0.000026
19487 0.000026
19509 0.000026
19530 0.000026
19552 0.000026
19573 0.000026
19595 0.000026
19616 0.000026
19638 0.000026
19659 0.000026
19681 0.000026
19702 0.000026
19724 0.000026
19745 0.000026
19767 0.000026
19789 0.000026
19810 0.000026
19832 0.000026
19853 0.000026
19875 0.000026
19896 0.000026
19918 0.000026
19939 0.000026
19961 0.000026
19982 0.000026
20004 0.000026
20025 0.000026
20047 0.000026
20068 0.000026
20090 0.000026
20112 0.000026
20133 0.000026
20155 0.000026
20176 0.000026
20198 0.000026
20219 0.000026
20241 0.000026
20262 0.000026
20284 0.000026
20305 0.000026
20327 0.000026
20348 0.000026
20370 0.000026
20391 0.000026
20413 0.000026
20435 0.000026
20456 0.000026
20478 0.000026
20499 0.000026
20521 0.000026
20542 0.000026
20564 0.000026
20585 0.000026
20607 0.000026
20628 0.000026
20650 0.000026
20671 0.000026
20693 0.000026
20714 0.000026
20736 0.000026
20758 0.000026
20779 0.000026
20801 0.000026
20822 0.000026
20844 0.000026
20865 0.000026
20887 0.000026
20908 0.000026
20930 0.000026
20951 0.000026
20973 0.000026
20994 0.000026
21016 0.000026
21037 0.000026
21059 0.000026
21081 0.000026
21102 0.000026
21124 0.000026
21145 0.000026
21167 0.000026
21188 0.000026
21210 0.000026
21231 0.000026
21253 0.000026
21274 0.000026
21296 0.000026
21317 0.000026
21339 0.000026
21360 0.000026
21382 0.000026
21404 0.000026
21425 0.000026
21447 0.000026
21468 0.000026
21490 0.000026
21511 0.000026
21533 0.000026
21554 0.000026
21576 0.000026
21597 0.000026
21619 0.000026
21640 0.000026
21662 0.000026
21683 0.000026
21705 0.000026
21727 0.000026
21748 0.000026
21770 0.000026
21791 0.000026
21813 0.000026
21834 0.000026
21856 0.000026
21877 0.000026
21899 0.000026
21920 0.000026
21942 0.000026
21963 0.000026
21985 0.000026
22006 0.000026
22028 0.000026
22050 0.000026
22071 0.000026
22093 0.000026
22114 0.000026
22136 0.000026
22157 0.000026
22179 0.000026
22200 0.000026
22222 0.000026
22243 0.000026
22265 0.000026
22286 0.000026
22308 0.000026
22329 0.000026
22351 0.000026
22372 0.000026
22394 0.000026
22416 0.000026
22437 0.000026
22459 0.000026
22480 0.000026
22502 0.000026
22523 0.000026
22545 0.000026
22566 0.000026
22588 0.000026
22609 0.000026
22631 0.000026
22652 0.000026
22674 0.000026
22695 0.000026
22717 0.000026
22739 0.000026
22760 0.000026
22782 0.000026
22803 0.000026
22825 0.000026
22846 0.000026
22868 0.000026
22889 0.000026
22911 0.000026
22932 0.000026
22954 0.000026
22975 0.000026
22997 0.000026
23018 0.000026
23040 0.000026
23062 0.000026
23083 0.000026
23105 0.000026
23126 0.000026
23148 0.000026
23169 0.000026
23191 0.000026
23212 0.000026
23234 0.000026
23255 0.000026
23277 0.000026
23298 0.000026
23320 0.000026
23341 0.000026
23363 0.000026
23385 0.000026
23406 0.000026
23428 0.000026
23449 0.000026
23471 0.000026
23492 0.000026
23514 0.000026
23535 0.000026
23557 0.000026
23578 0.000026
23600 0.000026
23621 0.000026
23643 0.000026
23664 0.000026
23686 0.000026
23708 0.000026
23729 0.000026
23751 0.000026
23772 0.000026
23794 0.000026
23815 0.000026
23837 0.000026
23858 0.000026
23880 0.000026
23901 0.000026
23923 0.000026
23944 0.000026
23966 0.000026
23987 0.000026
24009 0.000026
24031 0.000026
24052 0.000026
24074 0.000026
24095 0.000026
24117 0.000026
24138 0.000026
24160 0.000026
24181 0.000026
24203 0.000026
24224 0.000026
24246 0.000026
24267 0.000026
24289 0.000026
24310 0.000026
24332 0.000026
24354 0.000026
24375 0.000026
24397 0.000026
24418 0.000026
24440 0.000026
24461 0.000026
24483 0.000026
24504 0.000026
24526 0.000026
24547 0.000026
24569 0.000026
24590 0.000026
24612 0.000026
24633 0.000026
24655 0.000026
24677 0.000026
24698 0.000026
24720 0.000026
24741 0.000026
24763 0.000026
24784 0.000026
24806 0.000026
24827 0.000026
24849 0.000026
24870 0.000026
24892 0.000027
24913 0.000027
24935 0.000027
24956 0.000027
24978 0.000027
25000 0.000027
25021 0.000027
25043 0.000027
25064 0.000027
25086 0.000027
25107 0.000027
25129 0.000027
25150 0.000027
25172 0.000027
25193 0.000027
25215 0.000027
25236 0.000027
25258 0.000027
25279 0.000027
25301 0.000027
25323 0.000027
25344 0.000027
25366 0.000027
25387 0.000027
25409 0.000027
25430 0.000027
25452 0.000027
25473 0.000027
25495 0.000027
25516 0.000027
25538 0.000027
25559 0.000027
25581 0.000027
25602 0.000027
25624 0.000027
25646 0.000027
25667 0.000027
25689 0.000027
25710 0.000027
25732 0.000027
25753 0.000027
25775 0.000027
25796 0.000027
25818 0.000027
25839 0.000027
25861 0.000027
25882 0.000027
25904 0.000027
25925 0.000027
25947 0.000027
25969 0.000027
25990 0.000027
26012 0.000027
26033 0.000027
26055 0.000027
26076 0.000027
26098 0.000027
26119 0.000027
26141 0.000027
26162 0.000027
26184 0.000027
26205 0.000027
26227 0.000027
26248 0.000027
26270 0.000027
26292 0.000027
26313 0.000027
26335 0.000027
26356 0.000027
26378 0.000027
26399 0.000027
26421 0.000027
26442 0.000027
26464 0.000027
26485 0.000027
26507 0.000027
26528 0.000027
26550 0.000027
26571 0.000027
26593 0.000027
26615 0.000027
26636 0.000027
26658 0.000027
26679 0.000027
26701 0.000027
26722 0.000027
26744 0.000027
26765 0.000028
26787 0.000028
26808 0.000028
26830 0.000028
26851 0.000028
26873 0.000028
26894 0.000028
26916 0.000028
26938 0.000028
26959 0.000028
26981 0.000028
27002 0.000028
27024 0.000028
27045 0.000028
27067 0.000028
27088 0.000028
27110 0.000028
27131 0.000028
27153 0.000028
27174 0.000028
27196 0.000028
27217 0.000028
27239 0.000028
27261 0.000028
27282 0.000028
27304 0.000028
27325 0.000028
27347 0.000028
27368 0.000028
27390 0.000028
27411 0.000028
27433 0.000028
27454 0.000028
27476 0.000028
27497 0.000028
27519 0.000028
27540 0.000028
27562 0.000028
27584 0.000028
27605 0.000028
27627 0.000028
27648 0.000028
27670 0.000028
27691 0.000028
27713 0.000028
27734 0.000028
27756 0.000028
27777 0.000028
27799 0.000028
27820 0.000028
27842 0.000028
27863 0.000028
27885 0.000028
27907 0.000028
27928 0.000028
27950 0.000028
27971 0.000028
27993 0.000028
28014 0.000028
28036 0.000029
28057 0.000029
28079 0.000029
28100 0.000029
28122 0.000029
28143 0.000029
28165 0.000029
28186 0.000029
28208 0.000029
28230 0.000029
28251 0.000029
28273 0.000029
28294 0.000029
28316 0.000029
28337 0.000029
28359 0.000029
28380 0.000029
28402 0.000029
28423 0.000029
28445 0.000029
28466 0.000029
28488 0.000029
28509 0.000029
28531 0.000029
28553 0.000029
28574 0.000029
28596 0.000029
28617 0.000029
28639 0.000029
28660 0.000029
28682 0.000029
28703 0.000029
28725 0.000029
28746 0.000029
28768 0.000029
28789 0.000029
28811 0.000029
28832 0.000029
28854 0.000029
28876 0.000029
28897 0.000029
28919 0.000029
28940 0.000029
28962 0.000029
28983 0.000029
29005 0.000030
29026 0.000030
29048 0.000030
29069 0.000030
29091 0.000030
29112 0.000030
29134 0.000030
29155 0.000030
29177 0.000030
29199 0.000030
29220 0.000030
29242 0.000030
29263 0.000030
29285 0.000030
29306 0.000030
29328 0.000030
29349 0.000030
29371 0.000030
29392 0.000030
29414 0.000030
29435 0.000030
29457 0.000030
29478 0.000030
29500 0.000030
29522 0.000030
29543 0.000030
29565 0.000030
29586 0.000030
29608 0.000030
29629 0.000030
29651 0.000030
29672 0.000030
29694 0.000030
29715 0.000030
29737 0.000030
29758 0.000030
29780 0.000030
29801 0.000031
29823 0.000031
29845 0.000031
29866 0.000031
29888 0.000031
29909 0.000031
29931 0.000031
29952 0.000031
29974 0.000031
29995 0.000031
30017 0.000031
30038 0.000031
30060 0.000031
30081 0.000031
30103 0.000031
30124 0.000031
30146 0.000031
30168 0.000031
30189 0.000031
30211 0.000031
30232 0.000031
30254 0.000031
30275 0.000031
30297 0.000031
30318 0.000031
30340 0.000031
30361 0.000031
30383 0.000031
30404 0.000031
30426 0.000031
30447 0.000031
30469 0.000031
30491 0.000031
30512 0.000032
30534 0.000032
30555 0.000032
30577 0.000032
30598 0.000032
30620 0.000032
30641 0.000032
30663 0.000032
30684 0.000032
30706 0.000032
30727 0.000032
30749 0.000032
30770 0.000032
30792 0.000032
30814 0.000032
30835 0.000032
30857 0.000032
30878 0.000032
30900 0.000032
30921 0.000032
30943 0.000032
30964 0.000032
30986 0.000032
31007 0.000032
31029 0.000032
31050 0.000032
31072 0.000032
31093 0.000032
31115 0.000033
31137 0.000033
31158 0.000033
31180 0.000033
31201 0.000033
31223 0.000033
31244 0.000033
31266 0.000033
31287 0.000033
31309 0.000033
31330 0.000033
31352 0.000033
31373 0.000033
31395 0.000033
31416 0.000033
31438 0.000033
31460 0.000033
31481 0.000033
31503 0.000033
31524 0.000033
31546 0.000033
31567 0.000033
31589 0.000033
31610 0.000033
31632 0.000033
31653 0.000034
31675 0.000034
31696 0.000034
31718 0.000034
31739 0.000034
31761 0.000034
31783 0.000034
31804 0.000034
31826 0.000034
31847 0.000034
31869 0.000034
31890 0.000034
31912 0.000034
31933 0.000034
31955 0.000034
31976 0.000034
31998 0.000034
32019 0.000034
32041 0.000034
32062 0.000034
32084 0.000034
32106 0.000034
32127 0.000034
32149 0.000035
32170 0.000035
32192 0.000035
32213 0.000035
32235 0.000035
32256 0.000035
32278 0.000035
32299 0.000035
32321 0.000035
32342 0.000035
32364 0.000035
32385 0.000035
32407 0.000035
32429 0.000035
32450 0.000035
32472 0.000035
32493 0.000035
32515 0.000035
32536 0.000035
32558 0.000035
32579 0.000036
32601 0.000036
32622 0.000036
32644 0.000036
32665 0.000036
32687 0.000036
32708 0.000036
32730 0.000036
32752 0.000036
32773 0.000036
32795 0.000036
32816 0.000036
32838 0.000036
32859 0.000036
32881 0.000036
32902 0.000036
32924 0.000036
32945 0.000036
32967 0.000036
32988 0.000037
33010 0.000037
33031 0.000037
33053 0.000037
33075 0.000037
33096 0.000037
33118 0.000037
33139 0.000037
33161 0.000037
33182 0.000037
33204 0.000037
33225 0.000037
33247 0.000037
33268 0.000037
33290 0.000037
33311 0.000037
33333 0.000037
33354 0.000037
33376 0.000038
33397 0.000038
33419 0.000038
33441 0.000038
33462 0.000038
33484 0.000038
33505 0.000038
33527 0.000038
33548 0.000038
33570 0.000038
33591 0.000038
33613 0.000038
33634 0.000038
33656 0.000038
33677 0.000038
33699 0.000038
33720 0.000039
33742 0.000039
33764 0.000039
33785 0.000039
33807 0.000039
33828 0.000039
33850 0.000039
33871 0.000039
33893 0.000039
33914 0.000039
33936 0.000039
33957 0.000039
33979 0.000039
34000 0.000039
34022 0.000039
34043 0.000040
34065 0.000040
34087 0.000040
34108 0.000040
34130 0.000040
34151 0.000040
34173 0.000040
34194 0.000040
34216 0.000040
34237 0.000040
34259 0.000040
34280 0.000040
34302 0.000040
34323 0.000041
34345 0.000041
34366 0.000041
34388 0.000041
34410 0.000041
34431 0.000041
34453 0.000041
34474 0.000041
34496 0.000041
34517 0.000041
34539 0.000041
34560 0.000041
34582 0.000041
34603 0.000042
34625 0.000042
34646 0.000042
34668 0.000042
34689 0.000042
34711 0.000042
34733 0.000042
34754 0.000042
34776 0.000042
34797 0.000042
34819 0.000042
34840 0.000042
34862 0.000042
34883 0.000043
34905 0.000043
34926 0.000043
34948 0.000043
34969 0.000043
34991 0.000043
35012 0.000043
35034 0.000043
35056 0.000043
35077 0.000043
35099 0.000043
35120 0.000044
35142 0.000044
35163 0.000044
35185 0.000044
35206 0.000044
35228 0.000044
35249 0.000044
35271 0.000044
35292 0.000044
35314 0.000044
35335 0.000044
35357 0.000045
35379 0.000045
35400 0.000045
35422 0.000045
35443 0.000045
35465 0.000045
35486 0.000045
35508 0.000045
35529 0.000045
35551 0.000045
35572 0.000046
35594 0.000046
35615 0.000046
35637 0.000046
35658 0.000046
35680 0.000046
35702 0.000046
35723 0.000046
35745 0.000046
35766 0.000046
35788 0.000047
35809 0.000047
35831 0.000047
35852 0.000047
35874 0.000047
35895 0.000047
35917 0.000047
35938 0.000047
35960 0.000047
35981 0.000048
36003 0.000048
36025 0.000048
36046 0.000048
36068 0.000048
36089 0.000048
36111 0.000048
36132 0.000048
36154 0.000048
36175 0.000049
36197 0.000049
36218 0.000049
36240 0.000049
36261 0.000049
36283 0.000049
36304 0.000049
36326 0.000049
36348 0.000050
36369 0.000050
36391 0.000050
36412 0.000050
36434 0.000050
36455 0.000050
36477 0.000050
36498 0.000050
36520 0.000051
36541 0.000051
36563 0.000051
36584 0.000051
36606 0.000051
36627 0.000051
36649 0.000051
36671 0.000052
36692 0.000052
36714 0.000052
36735 0.000052
36757 0.000052
36778 0.000052
36800 0.000052
36821 0.000052
36843 0.000053
36864 0.000053
36886 0.000053
36907 0.000053
36929 0.000053
36950 0.000053
36972 0.000053
36994 0.000054
37015 0.000054
37037 0.000054
37058 0.000054
37080 0.000054
37101 0.000054
37123 0.000055
37144 0.000055
37166 0.000055
37187 0.000055
37209 0.000055
37230 0.000055
37252 0.000056
37273 0.000056
37295 0.000056
37317 0.000056
37338 0.000056
37360 0.000056
37381 0.000056
37403 0.000057
37424 0.000057
37446 0.000057
37467 0.000057
37489 0.000057
37510 0.000058
37532 0.000058
37553 0.000058
37575 0.000058
37596 0.000058
37618 0.000058
37640 0.000059
37661 0.000059
37683 0.000059
37704 0.000059
37726 0.000059
37747 0.000060
37769 0.000060
37790 0.000060
37812 0.000060
37833 0.000060
37855 0.000060
37876 0.000061
37898 0.000061
37919 0.000061
37941 0.000061
37963 0.000061
37984 0.000062
38006 0.000062
38027 0.000062
38049 0.000062
38070 0.000063
38092 0.000063
38113 0.000063
38135 0.000063
38156 0.000063
38178 0.000064
38199 0.000064
38221 0.000064
38242 0.000064
38264 0.000064
38286 0.000065
38307 0.000065
38329 0.000065
38350 0.000065
38372 0.000066
38393 0.000066
38415 0.000066
38436 0.000066
38458 0.000067
38479 0.000067
38501 0.000067
38522 0.000067
38544 0.000068
38565 0.000068
38587 0.000068
38609 0.000068
38630 0.000069
38652 0.000069
38673 0.000069
38695 0.000069
38716 0.000070
38738 0.000070
38759 0.000070
38781 0.000070
38802 0.000071
38824 0.000071
38845 0.000071
38867 0.000072
38888 0.000072
38910 0.000072
38932 0.000072
38953 0.000073
38975 0.000073
38996 0.000073
39018 0.000074
39039 0.000074
39061 0.000074
39082 0.000075
39104 0.000075
39125 0.000075
39147 0.000075
39168 0.000076
39190 0.000076
39211 0.000076
39233 0.000077
39255 0.000077
39276 0.000077
39298 0.000078
39319 0.000078
39341 0.000078
39362 0.000079
39384 0.000079
39405 0.000079
39427 0.000080
39448 0.000080
39470 0.000081
39491 0.000081
39513 0.000081
39534 0.000082
39556 0.000082
39578 0.000082
39599 0.000083
39621 0.000083
39642 0.000084
39664 0.000084
39685 0.000084
39707 0.000085
39728 0.000085
39750 0.000086
39771 0.000086
39793 0.000086
39814 0.000087
39836 0.000087
39857 0.000088
39879 0.000088
39901 0.000089
39922 0.000089
39944 0.000090
39965 0.000090
39987 0.000090
40008 0.000091
40030 0.000091
40051 0.000092
40073 0.000092
40094 0.000093
40116 0.000093
40137 0.000094
40159 0.000094
40180 0.000095
40202 0.000095
40224 0.000096
40245 0.000096
40267 0.000097
40288 0.000097
40310 0.000098
40331 0.000099
40353 0.000099
40374 0.000100
40396 0.000100
40417 0.000101
40439 0.000101
40460 0.000102
40482 0.000103
40503 0.000103
40525 0.000104
40547 0.000105
40568 0.000105
40590 0.000106
40611 0.000106
40633 0.000107
40654 0.000108
40676 0.000108
40697 0.000109
40719 0.000110
40740 0.000111
40762 0.000111
40783 0.000112
40805 0.000113
40826 0.000114
40848 0.000114
40870 0.000115
40891 0.000116
40913 0.000117
40934 0.000117
40956 0.000118
40977 0.000119
40999 0.000120
41020 0.000121
41042 0.000122
41063 0.000122
41085 0.000123
41106 0.000124
41128 0.000125
41149 0.000127
41171 0.000127
41193 0.000128
41214 0.000129
41236 0.000130
41257 0.000131
41279 0.000132
41300 0.000133
41322 0.000134
41343 0.000135
41365 0.000136
41386 0.000137
41408 0.000139
41429 0.000140
41451 0.000141
41472 0.000142
41494 0.000143
41516 0.000144
41537 0.000146
41559 0.000147
41580 0.000148
41602 0.000149
41623 0.000151
41645 0.000152
41666 0.000154
41688 0.000155
41709 0.000156
41731 0.000159
41752 0.000159
41774 0.000161
41795 0.000162
41817 0.000164
41839 0.000167
41860 0.000167
41882 0.000169
41903 0.000171
41925 0.000173
41946 0.000174
41968 0.000177
41989 0.000179
42011 0.000179
42032 0.000183
42054 0.000184
42075 0.000188
42097 0.000195
42118 0.000191
42140 0.000195
42162 0.000196
42183 0.000197
42205 0.000199
42226 0.000203
42248 0.000205
42269 0.000208
42291 0.000208
42312 0.000218
42334 0.000213
42355 0.000212
42377 0.000226
42398 0.000228
42420 0.000239
42441 0.000231
42463 0.000235
42485 0.000239
42506 0.000242
42528 0.000247
42549 0.000250
42571 0.000251
42592 0.000262
42614 0.000268
42635 0.000289
42657 0.000309
42678 0.000312
42700 0.000354
42721 0.000255
42743 0.000379
42764 0.000412
42786 0.000482
42808 0.000386
42829 0.000458
42851 0.000808
42872 0.000371
42894 0.000692
42915 0.000837
42937 0.000481
42958 0.001005
42980 0.000351
43001 0.000294
43023 0.000574
43044 0.000491
43066 0.001029
43087 0.000938
43109 0.002770
43131 0.001424
43152 0.001664
43174 0.000194
43195 0.002131
43217 0.010189
43238 0.002924
43260 0.003137
43281 0.001790
43303 0.001987
43324 0.008848
43346 0.002429
43367 0.017561
43389 0.002589
43410 0.001597
43432 0.010614
43454 0.012885
43475 0.008045
43497 0.013621
43518 0.016531
43540 0.015012
43561 0.011321
43583 0.005315
43604 0.005478
43626 0.007374
43647 0.024080
43669 0.025053
43690 0.009897
43712 0.006238
43733 0.010340
43755 0.016965
43777 0.030766
43798 0.084982
43820 0.047163
43841 0.016047
43863 0.017692
43884 0.029857
43906 0.008934
43927 0.008167
43949 0.058117
43970 0.026650
43992 0.013528
44013 0.005848
44035 0.005465
44056 0.008264
44078 0.005987
